Episode,Average Paddle Hits
1,0
2,0
3,0
4,0
5,0
6,0
7,0
8,0
9,0
10,0
11,0
12,0
13,0
14,0
15,0
16,0
17,0
18,0
19,0
20,0
21,0
22,0
23,0
24,0
25,0
26,0
27,0
28,0
29,0
30,0
31,0
32,0
33,0
34,0
35,0
36,0
37,0
38,0
39,0
40,0
41,0
42,0
43,0
44,0
45,0
46,0
47,0
48,0
49,0
50,0
51,0
52,0
53,0
54,0
55,0
56,0
57,0
58,0
59,0
60,0
61,0
62,0
63,0
64,0
65,0
66,0
67,0
68,0
69,0
70,0
71,0
72,0
73,0
74,0
75,0
76,0
77,0
78,0
79,0
80,0
81,0
82,0
83,0
84,0
85,0
86,0
87,0
88,0
89,0
90,0
91,0
92,0
93,0
94,0
95,0
96,0
97,0
98,0
99,0
100,0.69
101,0.69
102,0.7
103,0.74
104,0.74
105,0.73
106,0.73
107,0.73
108,0.71
109,0.71
110,0.71
111,0.7
112,0.7
113,0.7
114,0.7
115,0.74
116,0.75
117,0.74
118,0.73
119,0.72
120,0.72
121,0.72
122,0.74
123,0.73
124,0.72
125,0.72
126,0.73
127,0.73
128,0.74
129,0.74
130,0.75
131,0.75
132,0.75
133,0.75
134,0.76
135,0.76
136,0.77
137,0.77
138,0.75
139,0.76
140,0.78
141,0.77
142,0.76
143,0.75
144,0.78
145,0.76
146,0.76
147,0.8
148,0.81
149,0.81
150,0.81
151,0.81
152,0.82
153,0.82
154,0.82
155,0.8
156,0.8
157,0.81
158,0.81
159,0.81
160,0.81
161,0.82
162,0.82
163,0.81
164,0.81
165,0.8
166,0.8
167,0.81
168,0.78
169,0.78
170,0.8
171,0.8
172,0.82
173,0.81
174,0.78
175,0.78
176,0.78
177,0.75
178,0.76
179,0.76
180,0.74
181,0.73
182,0.74
183,0.74
184,0.74
185,0.74
186,0.73
187,0.73
188,0.73
189,0.72
190,0.72
191,0.7
192,0.68
193,0.66
194,0.64
195,0.65
196,0.65
197,0.62
198,0.61
199,0.61
200,0.61
201,0.61
202,0.62
203,0.58
204,0.58
205,0.58
206,0.58
207,0.58
208,0.59
209,0.62
210,0.62
211,0.63
212,0.63
213,0.63
214,0.63
215,0.6
216,0.59
217,0.6
218,0.6
219,0.6
220,0.6
221,0.59
222,0.58
223,0.61
224,0.61
225,0.61
226,0.62
227,0.62
228,0.64
229,0.64
230,0.63
231,0.62
232,0.62
233,0.63
234,0.61
235,0.62
236,0.61
237,0.64
238,0.64
239,0.63
240,0.6
241,0.61
242,0.61
243,0.61
244,0.58
245,0.58
246,0.58
247,0.55
248,0.55
249,0.53
250,0.51
251,0.53
252,0.54
253,0.53
254,0.52
255,0.52
256,0.52
257,0.52
258,0.55
259,0.55
260,0.55
261,0.54
262,0.54
263,0.55
264,0.56
265,0.56
266,0.57
267,0.57
268,0.56
269,0.56
270,0.54
271,0.56
272,0.54
273,0.54
274,0.53
275,0.51
276,0.52
277,0.52
278,0.52
279,0.52
280,0.53
281,0.53
282,0.5
283,0.5
284,0.5
285,0.5
286,0.5
287,0.51
288,0.53
289,0.53
290,0.53
291,0.53
292,0.54
293,0.55
294,0.56
295,0.54
296,0.56
297,0.56
298,0.56
299,0.56
300,0.57
301,0.58
302,0.56
303,0.57
304,0.59
305,0.59
306,0.6
307,0.61
308,0.6
309,0.57
310,0.59
311,0.58
312,0.6
313,0.62
314,0.62
315,0.62
316,0.62
317,0.61
318,0.62
319,0.62
320,0.62
321,0.63
322,0.63
323,0.61
324,0.61
325,0.61
326,0.6
327,0.61
328,0.58
329,0.6
330,0.6
331,0.6
332,0.6
333,0.6
334,0.6
335,0.61
336,0.61
337,0.59
338,0.6
339,0.6
340,0.61
341,0.59
342,0.6
343,0.6
344,0.6
345,0.6
346,0.6
347,0.59
348,0.58
349,0.59
350,0.59
351,0.57
352,0.55
353,0.55
354,0.55
355,0.55
356,0.55
357,0.54
358,0.51
359,0.52
360,0.52
361,0.52
362,0.52
363,0.52
364,0.52
365,0.52
366,0.51
367,0.5
368,0.5
369,0.49
370,0.52
371,0.5
372,0.5
373,0.5
374,0.5
375,0.5
376,0.49
377,0.49
378,0.51
379,0.51
380,0.51
381,0.51
382,0.53
383,0.53
384,0.53
385,0.53
386,0.55
387,0.55
388,0.56
389,0.56
390,0.58
391,0.58
392,0.57
393,0.58
394,0.57
395,0.57
396,0.55
397,0.55
398,0.55
399,0.56
400,0.55
401,0.54
402,0.55
403,0.54
404,0.53
405,0.56
406,0.58
407,0.57
408,0.57
409,0.57
410,0.57
411,0.58
412,0.56
413,0.54
414,0.54
415,0.53
416,0.53
417,0.53
418,0.52
419,0.52
420,0.53
421,0.52
422,0.51
423,0.51
424,0.51
425,0.52
426,0.51
427,0.5
428,0.5
429,0.48
430,0.48
431,0.48
432,0.48
433,0.47
434,0.47
435,0.45
436,0.45
437,0.44
438,0.43
439,0.43
440,0.43
441,0.44
442,0.45
443,0.47
444,0.5
445,0.5
446,0.52
447,0.54
448,0.54
449,0.53
450,0.53
451,0.53
452,0.55
453,0.55
454,0.55
455,0.55
456,0.55
457,0.55
458,0.55
459,0.55
460,0.55
461,0.58
462,0.58
463,0.58
464,0.57
465,0.57
466,0.57
467,0.58
468,0.59
469,0.6
470,0.57
471,0.59
472,0.6
473,0.6
474,0.6
475,0.6
476,0.62
477,0.62
478,0.59
479,0.59
480,0.62
481,0.62
482,0.6
483,0.59
484,0.6
485,0.62
486,0.6
487,0.6
488,0.57
489,0.57
490,0.55
491,0.58
492,0.59
493,0.56
494,0.58
495,0.58
496,0.59
497,0.61
498,0.61
499,0.63
500,0.63
501,0.65
502,0.67
503,0.69
504,0.68
505,0.65
506,0.62
507,0.63
508,0.64
509,0.67
510,0.65
511,0.64
512,0.64
513,0.64
514,0.64
515,0.64
516,0.64
517,0.64
518,0.64
519,0.65
520,0.65
521,0.65
522,0.66
523,0.67
524,0.68
525,0.67
526,0.74
527,0.74
528,0.75
529,0.76
530,0.77
531,0.77
532,0.77
533,0.77
534,0.77
535,0.77
536,0.8
537,0.8
538,0.81
539,0.81
540,0.81
541,0.81
542,0.79
543,0.79
544,0.76
545,0.76
546,0.74
547,0.72
548,0.72
549,0.73
550,0.73
551,0.75
552,0.73
553,0.73
554,0.75
555,0.75
556,0.78
557,0.78
558,0.78
559,0.77
560,0.79
561,0.77
562,0.79
563,0.8
564,0.8
565,0.8
566,0.8
567,0.79
568,0.79
569,0.78
570,0.78
571,0.76
572,0.75
573,0.75
574,0.75
575,0.75
576,0.73
577,0.74
578,0.76
579,0.76
580,0.72
581,0.72
582,0.72
583,0.72
584,0.73
585,0.72
586,0.73
587,0.73
588,0.75
589,0.75
590,0.75
591,0.78
592,0.77
593,0.77
594,0.75
595,0.75
596,0.74
597,0.72
598,0.72
599,0.72
600,0.72
601,0.71
602,0.68
603,0.66
604,0.69
605,0.7
606,0.7
607,0.69
608,0.69
609,0.67
610,0.69
611,0.69
612,0.73
613,0.74
614,0.75
615,0.75
616,0.75
617,0.75
618,0.74
619,0.73
620,0.72
621,0.73
622,0.72
623,0.7
624,0.7
625,0.7
626,0.63
627,0.63
628,0.62
629,0.61
630,0.61
631,0.61
632,0.61
633,0.63
634,0.63
635,0.65
636,0.62
637,0.62
638,0.62
639,0.62
640,0.61
641,0.6
642,0.6
643,0.59
644,0.59
645,0.59
646,0.63
647,0.63
648,0.63
649,0.62
650,0.63
651,0.61
652,0.61
653,0.61
654,0.59
655,0.62
656,0.6
657,0.61
658,0.61
659,0.62
660,0.6
661,0.59
662,0.58
663,0.56
664,0.56
665,0.56
666,0.56
667,0.58
668,0.59
669,0.64
670,0.66
671,0.67
672,0.68
673,0.69
674,0.69
675,0.72
676,0.73
677,0.72
678,0.7
679,0.72
680,0.72
681,0.73
682,0.73
683,0.74
684,0.72
685,0.76
686,0.75
687,0.76
688,0.75
689,0.78
690,0.79
691,0.74
692,0.77
693,0.79
694,0.81
695,0.81
696,0.81
697,0.82
698,0.84
699,0.82
700,0.82
701,0.81
702,0.81
703,0.81
704,0.78
705,0.77
706,0.77
707,0.81
708,0.8
709,0.79
710,0.77
711,0.77
712,0.73
713,0.72
714,0.71
715,0.72
716,0.72
717,0.72
718,0.72
719,0.72
720,0.72
721,0.71
722,0.71
723,0.71
724,0.71
725,0.71
726,0.71
727,0.71
728,0.73
729,0.73
730,0.73
731,0.73
732,0.76
733,0.75
734,0.75
735,0.73
736,0.73
737,0.73
738,0.72
739,0.72
740,0.74
741,0.74
742,0.74
743,0.8
744,0.8
745,0.8
746,0.78
747,0.78
748,0.79
749,0.8
750,0.79
751,0.79
752,0.84
753,0.86
754,0.86
755,0.83
756,0.82
757,0.81
758,0.81
759,0.8
760,0.8
761,0.8
762,0.8
763,0.8
764,0.8
765,0.81
766,0.81
767,0.82
768,0.82
769,0.77
770,0.77
771,0.76
772,0.76
773,0.75
774,0.75
775,0.72
776,0.71
777,0.72
778,0.73
779,0.71
780,0.71
781,0.7
782,0.7
783,0.69
784,0.7
785,0.69
786,0.71
787,0.69
788,0.69
789,0.66
790,0.65
791,0.64
792,0.61
793,0.59
794,0.57
795,0.58
796,0.59
797,0.58
798,0.56
799,0.55
800,0.56
801,0.56
802,0.56
803,0.57
804,0.57
805,0.58
806,0.58
807,0.54
808,0.54
809,0.54
810,0.54
811,0.54
812,0.54
813,0.54
814,0.54
815,0.56
816,0.56
817,0.56
818,0.58
819,0.58
820,0.59
821,0.61
822,0.61
823,0.61
824,0.6
825,0.61
826,0.61
827,0.61
828,0.6
829,0.61
830,0.6
831,0.63
832,0.62
833,0.63
834,0.65
835,0.65
836,0.65
837,0.65
838,0.65
839,0.65
840,0.63
841,0.65
842,0.67
843,0.6
844,0.62
845,0.62
846,0.61
847,0.61
848,0.6
849,0.6
850,0.61
851,0.61
852,0.56
853,0.54
854,0.56
855,0.56
856,0.57
857,0.57
858,0.58
859,0.58
860,0.58
861,0.59
862,0.59
863,0.59
864,0.6
865,0.59
866,0.6
867,0.57
868,0.55
869,0.55
870,0.53
871,0.53
872,0.52
873,0.52
874,0.52
875,0.54
876,0.54
877,0.54
878,0.55
879,0.55
880,0.57
881,0.57
882,0.58
883,0.58
884,0.57
885,0.53
886,0.51
887,0.51
888,0.5
889,0.53
890,0.53
891,0.54
892,0.55
893,0.56
894,0.56
895,0.56
896,0.55
897,0.56
898,0.56
899,0.56
900,0.55
901,0.56
902,0.56
903,0.55
904,0.55
905,0.54
906,0.57
907,0.59
908,0.59
909,0.59
910,0.59
911,0.6
912,0.61
913,0.61
914,0.61
915,0.58
916,0.58
917,0.58
918,0.56
919,0.56
920,0.55
921,0.55
922,0.55
923,0.58
924,0.6
925,0.61
926,0.61
927,0.63
928,0.62
929,0.61
930,0.62
931,0.59
932,0.58
933,0.56
934,0.55
935,0.55
936,0.55
937,0.56
938,0.56
939,0.56
940,0.57
941,0.56
942,0.54
943,0.54
944,0.53
945,0.55
946,0.54
947,0.55
948,0.55
949,0.54
950,0.55
951,0.56
952,0.57
953,0.57
954,0.56
955,0.56
956,0.55
957,0.55
958,0.54
959,0.55
960,0.56
961,0.55
962,0.55
963,0.55
964,0.55
965,0.55
966,0.55
967,0.55
968,0.56
969,0.57
970,0.58
971,0.59
972,0.59
973,0.59
974,0.59
975,0.62
976,0.64
977,0.65
978,0.63
979,0.63
980,0.61
981,0.63
982,0.62
983,0.63
984,0.63
985,0.63
986,0.63
987,0.63
988,0.63
989,0.6
990,0.6
991,0.6
992,0.59
993,0.58
994,0.59
995,0.58
996,0.58
997,0.59
998,0.59
999,0.59
1000,0.59
1001,0.58
1002,0.58
1003,0.6
1004,0.6
1005,0.6
1006,0.58
1007,0.58
1008,0.58
1009,0.58
1010,0.59
1011,0.59
1012,0.58
1013,0.58
1014,0.58
1015,0.59
1016,0.59
1017,0.62
1018,0.63
1019,0.63
1020,0.64
1021,0.62
1022,0.65
1023,0.62
1024,0.6
1025,0.58
1026,0.59
1027,0.57
1028,0.57
1029,0.58
1030,0.58
1031,0.58
1032,0.57
1033,0.57
1034,0.56
1035,0.56
1036,0.58
1037,0.58
1038,0.58
1039,0.58
1040,0.58
1041,0.57
1042,0.57
1043,0.57
1044,0.56
1045,0.54
1046,0.54
1047,0.53
1048,0.53
1049,0.53
1050,0.51
1051,0.5
1052,0.51
1053,0.51
1054,0.51
1055,0.55
1056,0.55
1057,0.55
1058,0.55
1059,0.54
1060,0.53
1061,0.53
1062,0.53
1063,0.53
1064,0.52
1065,0.53
1066,0.52
1067,0.53
1068,0.52
1069,0.51
1070,0.52
1071,0.53
1072,0.53
1073,0.53
1074,0.53
1075,0.5
1076,0.48
1077,0.48
1078,0.48
1079,0.51
1080,0.51
1081,0.5
1082,0.52
1083,0.51
1084,0.51
1085,0.53
1086,0.54
1087,0.56
1088,0.57
1089,0.57
1090,0.58
1091,0.57
1092,0.58
1093,0.58
1094,0.6
1095,0.65
1096,0.65
1097,0.64
1098,0.64
1099,0.65
1100,0.65
1101,0.65
1102,0.65
1103,0.66
1104,0.66
1105,0.67
1106,0.66
1107,0.64
1108,0.64
1109,0.64
1110,0.63
1111,0.62
1112,0.62
1113,0.62
1114,0.62
1115,0.62
1116,0.63
1117,0.6
1118,0.59
1119,0.6
1120,0.59
1121,0.59
1122,0.56
1123,0.56
1124,0.56
1125,0.56
1126,0.55
1127,0.55
1128,0.55
1129,0.54
1130,0.53
1131,0.53
1132,0.53
1133,0.53
1134,0.53
1135,0.53
1136,0.51
1137,0.5
1138,0.5
1139,0.5
1140,0.5
1141,0.5
1142,0.5
1143,0.51
1144,0.51
1145,0.51
1146,0.58
1147,0.62
1148,0.62
1149,0.63
1150,0.67
1151,0.67
1152,0.66
1153,0.67
1154,0.67
1155,0.65
1156,0.65
1157,0.66
1158,0.66
1159,0.68
1160,0.7
1161,0.7
1162,0.69
1163,0.7
1164,0.71
1165,0.71
1166,0.71
1167,0.7
1168,0.7
1169,0.72
1170,0.72
1171,0.7
1172,0.7
1173,0.7
1174,0.71
1175,0.69
1176,0.69
1177,0.68
1178,0.68
1179,0.65
1180,0.66
1181,0.65
1182,0.63
1183,0.63
1184,0.63
1185,0.61
1186,0.6
1187,0.58
1188,0.58
1189,0.6
1190,0.59
1191,0.59
1192,0.58
1193,0.59
1194,0.56
1195,0.51
1196,0.52
1197,0.52
1198,0.52
1199,0.51
1200,0.51
1201,0.52
1202,0.53
1203,0.5
1204,0.5
1205,0.51
1206,0.51
1207,0.51
1208,0.51
1209,0.51
1210,0.52
1211,0.53
1212,0.53
1213,0.53
1214,0.53
1215,0.52
1216,0.51
1217,0.51
1218,0.51
1219,0.51
1220,0.51
1221,0.52
1222,0.52
1223,0.52
1224,0.54
1225,0.55
1226,0.55
1227,0.58
1228,0.59
1229,0.59
1230,0.59
1231,0.59
1232,0.59
1233,0.59
1234,0.61
1235,0.61
1236,0.63
1237,0.64
1238,0.64
1239,0.64
1240,0.63
1241,0.64
1242,0.64
1243,0.64
1244,0.64
1245,0.64
1246,0.58
1247,0.55
1248,0.55
1249,0.54
1250,0.51
1251,0.52
1252,0.51
1253,0.51
1254,0.5
1255,0.48
1256,0.49
1257,0.5
1258,0.51
1259,0.49
1260,0.5
1261,0.52
1262,0.53
1263,0.52
1264,0.51
1265,0.51
1266,0.51
1267,0.52
1268,0.53
1269,0.51
1270,0.5
1271,0.5
1272,0.53
1273,0.53
1274,0.53
1275,0.54
1276,0.55
1277,0.54
1278,0.55
1279,0.55
1280,0.55
1281,0.55
1282,0.55
1283,0.57
1284,0.57
1285,0.59
1286,0.59
1287,0.59
1288,0.59
1289,0.58
1290,0.59
1291,0.59
1292,0.59
1293,0.58
1294,0.59
1295,0.59
1296,0.58
1297,0.58
1298,0.58
1299,0.58
1300,0.58
1301,0.57
1302,0.57
1303,0.57
1304,0.57
1305,0.56
1306,0.56
1307,0.57
1308,0.57
1309,0.57
1310,0.56
1311,0.56
1312,0.58
1313,0.58
1314,0.58
1315,0.58
1316,0.58
1317,0.58
1318,0.59
1319,0.58
1320,0.58
1321,0.57
1322,0.57
1323,0.57
1324,0.55
1325,0.55
1326,0.55
1327,0.53
1328,0.53
1329,0.54
1330,0.54
1331,0.55
1332,0.55
1333,0.55
1334,0.53
1335,0.56
1336,0.54
1337,0.55
1338,0.59
1339,0.59
1340,0.6
1341,0.6
1342,0.6
1343,0.59
1344,0.62
1345,0.62
1346,0.61
1347,0.63
1348,0.66
1349,0.67
1350,0.66
1351,0.65
1352,0.65
1353,0.64
1354,0.65
1355,0.69
1356,0.69
1357,0.67
1358,0.7
1359,0.71
1360,0.68
1361,0.67
1362,0.67
1363,0.67
1364,0.67
1365,0.67
1366,0.69
1367,0.7
1368,0.7
1369,0.7
1370,0.7
1371,0.7
1372,0.67
1373,0.67
1374,0.66
1375,0.65
1376,0.64
1377,0.64
1378,0.64
1379,0.64
1380,0.65
1381,0.66
1382,0.69
1383,0.68
1384,0.68
1385,0.66
1386,0.67
1387,0.71
1388,0.71
1389,0.72
1390,0.75
1391,0.75
1392,0.76
1393,0.78
1394,0.77
1395,0.82
1396,0.83
1397,0.82
1398,0.82
1399,0.84
1400,0.84
1401,0.84
1402,0.84
1403,0.84
1404,0.84
1405,0.85
1406,0.85
1407,0.84
1408,0.84
1409,0.84
1410,0.84
1411,0.83
1412,0.81
1413,0.81
1414,0.83
1415,0.86
1416,0.86
1417,0.87
1418,0.88
1419,0.88
1420,0.88
1421,0.89
1422,0.92
1423,0.93
1424,0.93
1425,0.92
1426,0.92
1427,0.91
1428,0.91
1429,0.9
1430,0.9
1431,0.89
1432,0.92
1433,0.92
1434,0.94
1435,0.91
1436,0.91
1437,0.9
1438,0.87
1439,0.89
1440,0.88
1441,0.87
1442,0.87
1443,0.87
1444,0.84
1445,0.84
1446,0.88
1447,0.87
1448,0.85
1449,0.84
1450,0.86
1451,0.86
1452,0.87
1453,0.88
1454,0.87
1455,0.84
1456,0.85
1457,0.87
1458,0.83
1459,0.83
1460,0.83
1461,0.82
1462,0.81
1463,0.81
1464,0.82
1465,0.81
1466,0.82
1467,0.8
1468,0.79
1469,0.8
1470,0.79
1471,0.81
1472,0.82
1473,0.84
1474,0.84
1475,0.85
1476,0.85
1477,0.86
1478,0.89
1479,0.89
1480,0.87
1481,0.88
1482,0.86
1483,0.87
1484,0.89
1485,0.89
1486,0.89
1487,0.85
1488,0.88
1489,0.86
1490,0.82
1491,0.87
1492,0.86
1493,0.84
1494,0.87
1495,0.83
1496,0.82
1497,0.82
1498,0.83
1499,0.81
1500,0.84
1501,0.87
1502,0.87
1503,0.87
1504,0.87
1505,0.88
1506,0.88
1507,0.91
1508,0.92
1509,0.93
1510,0.93
1511,0.95
1512,0.96
1513,0.97
1514,0.95
1515,0.93
1516,0.95
1517,0.94
1518,0.93
1519,0.94
1520,0.96
1521,0.97
1522,0.97
1523,0.97
1524,0.98
1525,0.98
1526,0.98
1527,1.0
1528,0.99
1529,1.01
1530,1.01
1531,1.01
1532,0.98
1533,0.98
1534,0.97
1535,0.99
1536,0.99
1537,0.98
1538,0.97
1539,0.99
1540,1.01
1541,1.02
1542,1.03
1543,1.03
1544,1.07
1545,1.08
1546,1.05
1547,1.03
1548,1.04
1549,1.04
1550,1.02
1551,1.05
1552,1.04
1553,1.03
1554,1.03
1555,1.03
1556,1.01
1557,1.0
1558,1.0
1559,1.03
1560,1.07
1561,1.07
1562,1.07
1563,1.07
1564,1.06
1565,1.06
1566,1.05
1567,1.06
1568,1.07
1569,1.07
1570,1.13
1571,1.12
1572,1.11
1573,1.09
1574,1.14
1575,1.17
1576,1.18
1577,1.17
1578,1.16
1579,1.2
1580,1.21
1581,1.24
1582,1.23
1583,1.23
1584,1.21
1585,1.23
1586,1.22
1587,1.24
1588,1.22
1589,1.22
1590,1.22
1591,1.17
1592,1.19
1593,1.19
1594,1.2
1595,1.2
1596,1.21
1597,1.21
1598,1.21
1599,1.22
1600,1.19
1601,1.18
1602,1.17
1603,1.17
1604,1.17
1605,1.15
1606,1.16
1607,1.13
1608,1.16
1609,1.15
1610,1.16
1611,1.17
1612,1.16
1613,1.15
1614,1.15
1615,1.15
1616,1.13
1617,1.14
1618,1.13
1619,1.14
1620,1.16
1621,1.14
1622,1.11
1623,1.1
1624,1.09
1625,1.1
1626,1.1
1627,1.08
1628,1.08
1629,1.06
1630,1.09
1631,1.14
1632,1.15
1633,1.15
1634,1.15
1635,1.13
1636,1.13
1637,1.13
1638,1.17
1639,1.15
1640,1.13
1641,1.14
1642,1.16
1643,1.16
1644,1.16
1645,1.16
1646,1.16
1647,1.16
1648,1.16
1649,1.16
1650,1.17
1651,1.15
1652,1.15
1653,1.15
1654,1.16
1655,1.15
1656,1.17
1657,1.18
1658,1.19
1659,1.15
1660,1.11
1661,1.15
1662,1.16
1663,1.17
1664,1.24
1665,1.24
1666,1.25
1667,1.26
1668,1.26
1669,1.25
1670,1.2
1671,1.19
1672,1.2
1673,1.2
1674,1.17
1675,1.18
1676,1.17
1677,1.17
1678,1.17
1679,1.14
1680,1.14
1681,1.1
1682,1.11
1683,1.1
1684,1.1
1685,1.09
1686,1.09
1687,1.07
1688,1.05
1689,1.09
1690,1.1
1691,1.1
1692,1.11
1693,1.11
1694,1.08
1695,1.07
1696,1.06
1697,1.06
1698,1.08
1699,1.07
1700,1.15
1701,1.13
1702,1.14
1703,1.14
1704,1.14
1705,1.13
1706,1.12
1707,1.12
1708,1.08
1709,1.08
1710,1.1
1711,1.08
1712,1.09
1713,1.16
1714,1.27
1715,1.26
1716,1.26
1717,1.29
1718,1.29
1719,1.27
1720,1.25
1721,1.25
1722,1.25
1723,1.26
1724,1.26
1725,1.25
1726,1.26
1727,1.26
1728,1.26
1729,1.26
1730,1.23
1731,1.18
1732,1.17
1733,1.17
1734,1.16
1735,1.18
1736,1.19
1737,1.19
1738,1.24
1739,1.23
1740,1.38
1741,1.37
1742,1.35
1743,1.37
1744,1.36
1745,1.35
1746,1.34
1747,1.34
1748,1.33
1749,1.33
1750,1.33
1751,1.32
1752,1.32
1753,1.35
1754,1.34
1755,1.36
1756,1.34
1757,1.33
1758,1.36
1759,1.38
1760,1.38
1761,1.38
1762,1.38
1763,1.37
1764,1.32
1765,1.32
1766,1.3
1767,1.3
1768,1.29
1769,1.3
1770,1.29
1771,1.29
1772,1.32
1773,1.32
1774,1.4
1775,1.36
1776,1.37
1777,1.39
1778,1.37
1779,1.37
1780,1.37
1781,1.36
1782,1.35
1783,1.34
1784,1.34
1785,1.34
1786,1.36
1787,1.41
1788,1.42
1789,1.38
1790,1.4
1791,1.54
1792,1.56
1793,1.65
1794,1.66
1795,1.66
1796,1.68
1797,1.72
1798,1.69
1799,1.72
1800,1.65
1801,1.65
1802,1.65
1803,1.67
1804,1.69
1805,1.69
1806,1.7
1807,1.71
1808,1.74
1809,1.75
1810,1.75
1811,1.77
1812,1.78
1813,1.78
1814,1.73
1815,1.8
1816,1.82
1817,1.78
1818,1.79
1819,1.79
1820,1.8
1821,1.84
1822,1.84
1823,1.84
1824,1.84
1825,1.85
1826,1.84
1827,1.91
1828,1.91
1829,1.91
1830,1.95
1831,1.96
1832,2.03
1833,2.05
1834,2.05
1835,2.07
1836,2.06
1837,2.1
1838,2.1
1839,2.1
1840,1.96
1841,1.96
1842,1.98
1843,1.97
1844,1.98
1845,1.98
1846,2.01
1847,2.05
1848,2.05
1849,2.05
1850,2.07
1851,2.07
1852,2.07
1853,2.06
1854,2.07
1855,2.08
1856,2.08
1857,2.09
1858,2.06
1859,2.04
1860,2.04
1861,2.03
1862,2.03
1863,2.06
1864,2.04
1865,2.06
1866,2.05
1867,2.03
1868,2.05
1869,2.04
1870,2.04
1871,2.07
1872,2.05
1873,2.06
1874,1.99
1875,2.01
1876,2.01
1877,1.99
1878,2.03
1879,2.03
1880,2.02
1881,2.02
1882,2.03
1883,2.03
1884,2.03
1885,2.03
1886,2.11
1887,2.07
1888,2.09
1889,2.09
1890,2.06
1891,1.92
1892,1.87
1893,1.79
1894,1.77
1895,1.79
1896,1.77
1897,1.75
1898,1.8
1899,1.79
1900,1.78
1901,1.83
1902,1.82
1903,1.8
1904,1.81
1905,1.82
1906,1.81
1907,1.81
1908,1.83
1909,1.82
1910,1.79
1911,1.76
1912,1.74
1913,1.69
1914,1.64
1915,1.58
1916,1.56
1917,1.58
1918,1.57
1919,1.57
1920,1.56
1921,1.52
1922,1.53
1923,1.52
1924,1.52
1925,1.51
1926,1.51
1927,1.44
1928,1.44
1929,1.45
1930,1.41
1931,1.41
1932,1.34
1933,1.37
1934,1.37
1935,1.33
1936,1.35
1937,1.32
1938,1.27
1939,1.3
1940,1.3
1941,1.29
1942,1.28
1943,1.27
1944,1.24
1945,1.26
1946,1.24
1947,1.22
1948,1.26
1949,1.26
1950,1.24
1951,1.26
1952,1.27
1953,1.27
1954,1.3
1955,1.27
1956,1.32
1957,1.33
1958,1.34
1959,1.36
1960,1.36
1961,1.4
1962,1.43
1963,1.45
1964,1.46
1965,1.47
1966,1.62
1967,1.63
1968,1.64
1969,1.66
1970,1.67
1971,1.65
1972,1.64
1973,1.66
1974,1.65
1975,1.62
1976,1.63
1977,1.65
1978,1.6
1979,1.59
1980,1.59
1981,1.68
1982,1.74
1983,1.77
1984,1.78
1985,1.78
1986,1.72
1987,1.73
1988,1.7
1989,1.72
1990,1.75
1991,1.75
1992,1.78
1993,1.79
1994,1.83
1995,1.88
1996,1.88
1997,1.89
1998,1.85
1999,1.88
2000,1.93
2001,1.89
2002,1.89
2003,1.9
2004,1.88
2005,1.87
2006,1.87
2007,1.91
2008,1.87
2009,1.87
2010,1.94
2011,1.95
2012,1.97
2013,1.98
2014,2.1
2015,2.11
2016,2.2
2017,2.22
2018,2.28
2019,2.28
2020,2.26
2021,2.26
2022,2.32
2023,2.33
2024,2.34
2025,2.35
2026,2.36
2027,2.36
2028,2.37
2029,2.37
2030,2.37
2031,2.43
2032,2.43
2033,2.4
2034,2.41
2035,2.43
2036,2.46
2037,2.45
2038,2.48
2039,2.47
2040,2.49
2041,2.53
2042,2.52
2043,2.55
2044,2.59
2045,2.59
2046,2.58
2047,2.6
2048,2.59
2049,2.63
2050,2.64
2051,2.64
2052,2.63
2053,2.66
2054,2.73
2055,2.76
2056,2.71
2057,2.76
2058,2.76
2059,2.78
2060,2.8
2061,2.76
2062,2.82
2063,2.77
2064,2.76
2065,2.76
2066,2.63
2067,2.62
2068,2.59
2069,2.57
2070,2.57
2071,2.59
2072,2.58
2073,2.57
2074,2.58
2075,2.58
2076,2.56
2077,2.54
2078,2.54
2079,2.54
2080,2.55
2081,2.49
2082,2.44
2083,2.43
2084,2.43
2085,2.43
2086,2.39
2087,2.41
2088,2.41
2089,2.39
2090,2.38
2091,2.38
2092,2.35
2093,2.34
2094,2.3
2095,2.25
2096,2.29
2097,2.31
2098,2.39
2099,2.44
2100,2.42
2101,2.43
2102,2.53
2103,2.53
2104,2.55
2105,2.61
2106,2.62
2107,2.66
2108,2.65
2109,2.75
2110,2.69
2111,2.68
2112,2.67
2113,2.69
2114,2.57
2115,2.55
2116,2.46
2117,2.5
2118,2.45
2119,2.45
2120,2.46
2121,2.46
2122,2.64
2123,2.66
2124,2.67
2125,2.71
2126,2.7
2127,2.7
2128,2.76
2129,2.8
2130,2.81
2131,2.76
2132,2.8
2133,2.81
2134,2.81
2135,2.84
2136,2.86
2137,2.86
2138,2.79
2139,2.78
2140,2.76
2141,2.75
2142,2.75
2143,2.73
2144,2.71
2145,2.76
2146,2.77
2147,2.73
2148,2.73
2149,2.87
2150,2.85
2151,2.83
2152,2.85
2153,2.81
2154,2.7
2155,2.73
2156,2.73
2157,2.65
2158,2.64
2159,2.6
2160,2.59
2161,2.6
2162,2.51
2163,2.54
2164,2.58
2165,2.58
2166,2.57
2167,2.61
2168,2.65
2169,2.67
2170,2.66
2171,2.64
2172,2.64
2173,2.69
2174,2.69
2175,2.7
2176,2.8
2177,2.81
2178,2.82
2179,2.91
2180,2.9
2181,2.87
2182,2.93
2183,2.93
2184,2.96
2185,2.96
2186,2.97
2187,2.93
2188,2.93
2189,2.95
2190,2.94
2191,2.94
2192,3.12
2193,3.11
2194,3.11
2195,3.11
2196,3.11
2197,3.11
2198,3.02
2199,2.94
2200,2.91
2201,2.94
2202,2.88
2203,2.91
2204,2.88
2205,2.82
2206,2.86
2207,2.81
2208,2.82
2209,2.74
2210,2.73
2211,2.74
2212,2.75
2213,2.72
2214,2.82
2215,2.84
2216,2.86
2217,2.78
2218,2.78
2219,2.78
2220,2.84
2221,2.85
2222,2.61
2223,2.63
2224,2.61
2225,2.56
2226,2.57
2227,2.57
2228,2.55
2229,2.55
2230,2.55
2231,2.54
2232,2.53
2233,2.5
2234,2.52
2235,2.49
2236,2.47
2237,2.49
2238,2.54
2239,2.52
2240,2.54
2241,2.53
2242,2.63
2243,2.62
2244,2.62
2245,2.61
2246,2.6
2247,2.61
2248,2.63
2249,2.51
2250,2.6
2251,2.64
2252,2.66
2253,2.69
2254,2.77
2255,2.74
2256,2.74
2257,2.84
2258,2.83
2259,2.88
2260,2.88
2261,2.85
2262,2.92
2263,2.89
2264,2.86
2265,2.88
2266,2.89
2267,2.87
2268,2.84
2269,2.82
2270,2.84
2271,2.9
2272,2.92
2273,2.88
2274,2.89
2275,2.92
2276,2.83
2277,2.94
2278,2.93
2279,2.86
2280,2.92
2281,2.94
2282,2.89
2283,2.91
2284,2.88
2285,2.88
2286,2.87
2287,2.92
2288,3.01
2289,2.99
2290,3.03
2291,3.05
2292,2.87
2293,2.89
2294,2.93
2295,2.92
2296,2.89
2297,2.92
2298,2.92
2299,2.95
2300,3.07
2301,3.03
2302,3.05
2303,3.04
2304,3.09
2305,3.09
2306,3.04
2307,3.07
2308,3.07
2309,3.12
2310,3.12
2311,3.34
2312,3.35
2313,3.4
2314,3.3
2315,3.31
2316,3.33
2317,3.35
2318,3.34
2319,3.45
2320,3.41
2321,3.46
2322,3.46
2323,3.41
2324,3.43
2325,3.55
2326,3.54
2327,3.54
2328,3.53
2329,3.57
2330,3.57
2331,3.58
2332,3.55
2333,3.6
2334,3.69
2335,3.75
2336,3.74
2337,3.76
2338,3.73
2339,3.74
2340,3.72
2341,3.71
2342,3.6
2343,3.64
2344,3.61
2345,3.64
2346,3.64
2347,3.63
2348,3.6
2349,3.57
2350,3.58
2351,3.55
2352,3.51
2353,3.5
2354,3.46
2355,3.46
2356,3.46
2357,3.37
2358,3.38
2359,3.43
2360,3.48
2361,3.48
2362,3.43
2363,3.43
2364,3.42
2365,3.45
2366,3.5
2367,3.49
2368,3.49
2369,3.49
2370,3.48
2371,3.51
2372,3.52
2373,3.49
2374,3.49
2375,3.52
2376,3.51
2377,3.41
2378,3.46
2379,3.51
2380,3.45
2381,3.47
2382,3.44
2383,3.44
2384,3.43
2385,3.42
2386,3.42
2387,3.41
2388,3.45
2389,3.46
2390,3.45
2391,3.43
2392,3.44
2393,3.43
2394,3.41
2395,3.4
2396,3.41
2397,3.33
2398,3.42
2399,3.39
2400,3.41
2401,3.42
2402,3.4
2403,3.39
2404,3.35
2405,3.35
2406,3.39
2407,3.34
2408,3.34
2409,3.28
2410,3.31
2411,3.14
2412,3.17
2413,3.11
2414,3.1
2415,3.14
2416,3.12
2417,3.11
2418,3.13
2419,3.05
2420,3.07
2421,3.03
2422,3.13
2423,3.17
2424,3.16
2425,3.07
2426,3.11
2427,3.13
2428,3.1
2429,3.04
2430,3.05
2431,3.03
2432,3.06
2433,3.02
2434,2.9
2435,2.86
2436,2.85
2437,2.82
2438,2.81
2439,2.8
2440,2.85
2441,2.86
2442,2.86
2443,2.82
2444,2.85
2445,2.86
2446,2.9
2447,2.97
2448,2.94
2449,2.94
2450,2.84
2451,2.87
2452,2.93
2453,2.9
2454,2.87
2455,2.84
2456,2.9
2457,2.9
2458,2.92
2459,2.82
2460,2.77
2461,2.8
2462,2.78
2463,2.79
2464,2.8
2465,2.72
2466,2.65
2467,2.7
2468,2.75
2469,2.76
2470,2.76
2471,2.66
2472,2.64
2473,2.66
2474,2.62
2475,2.79
2476,2.85
2477,2.85
2478,2.81
2479,2.94
2480,3.07
2481,3.07
2482,3.1
2483,3.06
2484,3.1
2485,3.1
2486,3.1
2487,3.09
2488,2.97
2489,3.07
2490,3.03
2491,3.03
2492,3.03
2493,3.04
2494,3.04
2495,3.14
2496,3.14
2497,3.16
2498,3.27
2499,3.28
2500,3.14
2501,3.13
2502,3.09
2503,3.08
2504,3.07
2505,3.08
2506,3.08
2507,3.06
2508,3.08
2509,3.1
2510,3.1
2511,3.07
2512,3.01
2513,3.02
2514,3.04
2515,3.01
2516,2.99
2517,2.99
2518,2.98
2519,2.97
2520,2.93
2521,2.93
2522,2.85
2523,2.83
2524,2.84
2525,2.91
2526,2.87
2527,2.86
2528,2.85
2529,2.91
2530,2.93
2531,2.94
2532,2.95
2533,3.04
2534,3.04
2535,3.0
2536,2.98
2537,2.97
2538,3.01
2539,3.15
2540,3.09
2541,3.08
2542,3.14
2543,3.18
2544,3.15
2545,3.08
2546,3.06
2547,3.03
2548,3.03
2549,3.0
2550,3.03
2551,3.01
2552,2.96
2553,3.05
2554,3.07
2555,3.08
2556,3.02
2557,3.03
2558,3.0
2559,3.01
2560,3.03
2561,3.06
2562,3.05
2563,3.14
2564,3.22
2565,3.23
2566,3.24
2567,3.23
2568,3.19
2569,3.23
2570,3.31
2571,3.33
2572,3.46
2573,3.44
2574,3.48
2575,3.27
2576,3.26
2577,3.25
2578,3.28
2579,3.08
2580,2.99
2581,2.97
2582,3.11
2583,3.11
2584,3.12
2585,3.12
2586,3.3
2587,3.36
2588,3.36
2589,3.27
2590,3.27
2591,3.29
2592,3.32
2593,3.35
2594,3.4
2595,3.33
2596,3.63
2597,3.62
2598,3.51
2599,3.5
2600,3.64
2601,3.64
2602,3.81
2603,3.92
2604,4.04
2605,4.03
2606,3.99
2607,3.99
2608,3.96
2609,4.02
2610,3.99
2611,3.97
2612,3.97
2613,3.97
2614,4.14
2615,4.18
2616,4.19
2617,4.21
2618,4.29
2619,4.28
2620,4.28
2621,4.31
2622,4.33
2623,4.36
2624,4.34
2625,4.24
2626,4.29
2627,4.29
2628,4.35
2629,4.28
2630,4.25
2631,4.24
2632,4.21
2633,4.14
2634,4.16
2635,4.17
2636,4.16
2637,4.16
2638,4.19
2639,4.05
2640,4.05
2641,4.05
2642,4.0
2643,3.96
2644,3.99
2645,3.96
2646,3.96
2647,3.94
2648,3.95
2649,3.95
2650,3.94
2651,3.95
2652,4.01
2653,3.95
2654,3.93
2655,3.92
2656,3.98
2657,3.96
2658,3.96
2659,4.01
2660,4.01
2661,3.99
2662,3.99
2663,3.92
2664,3.86
2665,4.07
2666,4.15
2667,4.12
2668,4.11
2669,4.06
2670,3.98
2671,3.97
2672,3.84
2673,3.85
2674,3.81
2675,3.79
2676,3.76
2677,3.75
2678,3.71
2679,3.72
2680,3.71
2681,3.69
2682,3.52
2683,3.55
2684,3.58
2685,3.62
2686,3.44
2687,3.45
2688,3.46
2689,3.52
2690,3.52
2691,3.5
2692,3.5
2693,3.45
2694,3.47
2695,3.47
2696,3.23
2697,3.31
2698,3.22
2699,3.3
2700,3.19
2701,3.34
2702,3.18
2703,3.07
2704,2.95
2705,2.97
2706,2.98
2707,2.99
2708,3.01
2709,2.92
2710,3.0
2711,3.0
2712,3.0
2713,3.0
2714,2.83
2715,2.77
2716,2.77
2717,2.77
2718,2.69
2719,2.69
2720,2.7
2721,2.72
2722,2.75
2723,2.74
2724,2.87
2725,2.91
2726,3.02
2727,3.06
2728,3.17
2729,3.16
2730,3.16
2731,3.2
2732,3.23
2733,3.41
2734,3.41
2735,3.46
2736,3.52
2737,3.62
2738,3.55
2739,3.55
2740,3.57
2741,3.72
2742,3.74
2743,3.79
2744,3.78
2745,3.87
2746,3.92
2747,3.92
2748,3.94
2749,4.04
2750,4.03
2751,4.1
2752,4.08
2753,4.06
2754,4.08
2755,4.11
2756,4.08
2757,4.09
2758,4.09
2759,4.06
2760,4.09
2761,4.08
2762,4.09
2763,4.06
2764,4.07
2765,3.85
2766,3.77
2767,3.79
2768,3.85
2769,3.87
2770,3.86
2771,3.89
2772,3.9
2773,3.9
2774,3.91
2775,4.05
2776,4.07
2777,4.07
2778,4.1
2779,4.18
2780,4.18
2781,4.2
2782,4.2
2783,4.2
2784,4.19
2785,4.15
2786,4.16
2787,4.07
2788,4.13
2789,4.07
2790,4.09
2791,4.12
2792,4.12
2793,4.12
2794,4.07
2795,4.04
2796,3.97
2797,3.91
2798,3.98
2799,3.9
2800,3.87
2801,3.76
2802,3.78
2803,3.77
2804,3.86
2805,3.85
2806,3.84
2807,3.83
2808,3.81
2809,3.82
2810,3.75
2811,3.77
2812,3.78
2813,3.78
2814,3.79
2815,3.84
2816,4.03
2817,4.0
2818,4.03
2819,4.07
2820,4.09
2821,4.03
2822,3.96
2823,4.04
2824,3.93
2825,3.93
2826,3.8
2827,3.85
2828,3.68
2829,3.74
2830,3.73
2831,3.7
2832,3.69
2833,3.48
2834,3.47
2835,3.48
2836,3.46
2837,3.38
2838,3.51
2839,3.52
2840,3.52
2841,3.44
2842,3.41
2843,3.4
2844,3.38
2845,3.35
2846,3.28
2847,3.26
2848,3.27
2849,3.2
2850,3.28
2851,3.28
2852,3.3
2853,3.29
2854,3.28
2855,3.27
2856,3.24
2857,3.23
2858,3.23
2859,3.2
2860,3.14
2861,3.12
2862,3.14
2863,3.15
2864,3.11
2865,3.18
2866,3.22
2867,3.21
2868,3.16
2869,3.17
2870,3.19
2871,3.17
2872,3.17
2873,3.19
2874,3.36
2875,3.24
2876,3.21
2877,3.21
2878,3.21
2879,3.19
2880,3.18
2881,3.18
2882,3.29
2883,3.32
2884,3.25
2885,3.29
2886,3.29
2887,3.37
2888,3.35
2889,3.54
2890,3.67
2891,3.65
2892,3.63
2893,3.63
2894,3.59
2895,3.67
2896,3.71
2897,3.69
2898,3.62
2899,3.61
2900,3.64
2901,3.7
2902,3.69
2903,3.75
2904,3.83
2905,3.82
2906,3.83
2907,3.86
2908,3.88
2909,3.91
2910,3.91
2911,3.93
2912,3.96
2913,4.01
2914,3.98
2915,4.06
2916,3.91
2917,3.99
2918,3.99
2919,3.94
2920,3.93
2921,3.94
2922,3.93
2923,3.89
2924,3.89
2925,3.88
2926,3.88
2927,3.8
2928,3.8
2929,3.96
2930,4.0
2931,4.16
2932,4.13
2933,4.13
2934,4.13
2935,4.11
2936,4.09
2937,4.1
2938,3.96
2939,4.17
2940,4.17
2941,4.11
2942,4.12
2943,4.11
2944,4.22
2945,4.16
2946,4.17
2947,4.22
2948,4.2
2949,4.36
2950,4.27
2951,4.24
2952,4.18
2953,4.19
2954,4.17
2955,4.18
2956,4.2
2957,4.24
2958,4.25
2959,4.32
2960,4.37
2961,4.37
2962,4.38
2963,4.37
2964,4.47
2965,4.4
2966,4.35
2967,4.33
2968,4.31
2969,4.28
2970,4.27
2971,4.27
2972,4.33
2973,4.31
2974,4.13
2975,4.11
2976,4.17
2977,4.18
2978,4.25
2979,4.18
2980,4.18
2981,4.17
2982,4.07
2983,4.04
2984,4.09
2985,4.1
2986,4.19
2987,4.17
2988,4.11
2989,3.93
2990,3.78
2991,3.78
2992,3.76
2993,3.77
2994,3.85
2995,3.79
2996,3.77
2997,3.82
2998,3.87
2999,3.86
3000,3.83
3001,3.93
3002,3.91
3003,3.92
3004,3.75
3005,3.76
3006,3.75
3007,3.75
3008,3.73
3009,3.69
3010,3.7
3011,3.69
3012,3.65
3013,3.6
3014,3.61
3015,3.51
3016,3.49
3017,3.47
3018,3.43
3019,3.59
3020,3.58
3021,3.56
3022,3.65
3023,3.57
3024,3.59
3025,3.58
3026,3.59
3027,3.6
3028,3.66
3029,3.47
3030,3.44
3031,3.38
3032,3.4
3033,3.48
3034,3.48
3035,3.45
3036,3.46
3037,3.59
3038,3.65
3039,3.45
3040,3.48
3041,3.48
3042,3.58
3043,3.57
3044,3.49
3045,3.55
3046,3.55
3047,3.55
3048,3.56
3049,3.45
3050,3.46
3051,3.4
3052,3.41
3053,3.43
3054,3.43
3055,3.41
3056,3.45
3057,3.41
3058,3.41
3059,3.48
3060,3.6
3061,3.58
3062,3.65
3063,3.65
3064,3.58
3065,3.62
3066,3.63
3067,3.62
3068,3.68
3069,3.71
3070,3.72
3071,3.72
3072,3.66
3073,3.7
3074,3.76
3075,3.78
3076,3.71
3077,3.7
3078,3.62
3079,3.62
3080,3.62
3081,3.67
3082,3.71
3083,3.78
3084,3.81
3085,3.86
3086,3.79
3087,3.75
3088,3.85
3089,3.92
3090,3.99
3091,3.98
3092,4.1
3093,4.14
3094,4.08
3095,4.1
3096,4.07
3097,4.05
3098,4.0
3099,4.05
3100,4.06
3101,3.89
3102,3.93
3103,3.87
3104,3.87
3105,4.02
3106,4.17
3107,4.19
3108,4.23
3109,4.36
3110,4.34
3111,4.3
3112,4.4
3113,4.45
3114,4.65
3115,4.61
3116,4.88
3117,4.82
3118,4.84
3119,4.69
3120,4.78
3121,4.87
3122,4.82
3123,4.84
3124,4.8
3125,4.82
3126,4.81
3127,4.79
3128,4.73
3129,4.81
3130,4.84
3131,4.94
3132,5.02
3133,4.94
3134,4.99
3135,4.99
3136,4.97
3137,4.84
3138,4.81
3139,4.87
3140,4.82
3141,4.83
3142,4.79
3143,4.83
3144,4.95
3145,4.92
3146,4.95
3147,4.97
3148,4.97
3149,4.91
3150,4.97
3151,5.02
3152,5.03
3153,5.07
3154,5.16
3155,5.16
3156,5.1
3157,5.2
3158,5.34
3159,5.21
3160,5.11
3161,5.28
3162,5.22
3163,5.23
3164,5.25
3165,5.23
3166,5.28
3167,5.29
3168,5.26
3169,5.28
3170,5.34
3171,5.36
3172,5.36
3173,5.33
3174,5.31
3175,5.33
3176,5.38
3177,5.42
3178,5.41
3179,5.44
3180,5.45
3181,5.39
3182,5.35
3183,5.27
3184,5.21
3185,5.12
3186,5.11
3187,5.08
3188,5.0
3189,4.92
3190,4.85
3191,4.99
3192,4.87
3193,5.05
3194,5.04
3195,5.03
3196,5.03
3197,5.14
3198,5.15
3199,5.1
3200,5.1
3201,5.15
3202,5.17
3203,5.26
3204,5.53
3205,5.43
3206,5.35
3207,5.31
3208,5.29
3209,5.19
3210,5.19
3211,5.25
3212,5.27
3213,5.2
3214,5.09
3215,5.08
3216,4.81
3217,4.82
3218,4.81
3219,4.9
3220,4.95
3221,4.91
3222,4.87
3223,4.86
3224,4.93
3225,4.92
3226,4.93
3227,4.95
3228,4.96
3229,4.84
3230,4.86
3231,4.66
3232,4.6
3233,4.62
3234,4.56
3235,4.54
3236,4.56
3237,4.6
3238,4.57
3239,4.53
3240,4.56
3241,4.67
3242,4.66
3243,4.63
3244,4.58
3245,4.62
3246,4.63
3247,4.7
3248,4.79
3249,4.96
3250,5.02
3251,5.09
3252,5.06
3253,5.08
3254,5.0
3255,5.08
3256,5.11
3257,5.01
3258,4.91
3259,4.9
3260,4.88
3261,4.79
3262,4.83
3263,4.97
3264,4.92
3265,4.93
3266,4.88
3267,4.87
3268,4.89
3269,4.88
3270,4.82
3271,4.78
3272,4.8
3273,4.78
3274,4.74
3275,4.69
3276,4.7
3277,4.76
3278,4.75
3279,4.73
3280,4.71
3281,4.76
3282,4.77
3283,4.78
3284,4.81
3285,4.83
3286,4.84
3287,4.93
3288,4.98
3289,4.96
3290,4.99
3291,4.94
3292,4.95
3293,4.84
3294,4.85
3295,4.84
3296,4.9
3297,4.77
3298,4.77
3299,4.92
3300,4.96
3301,4.88
3302,4.83
3303,4.79
3304,4.52
3305,4.51
3306,4.51
3307,4.52
3308,4.53
3309,4.51
3310,4.52
3311,4.49
3312,4.37
3313,4.37
3314,4.27
3315,4.31
3316,4.31
3317,4.31
3318,4.36
3319,4.27
3320,4.16
3321,4.13
3322,4.14
3323,4.16
3324,4.09
3325,4.07
3326,4.07
3327,4.04
3328,4.05
3329,4.05
3330,4.08
3331,4.08
3332,4.14
3333,4.13
3334,4.19
3335,4.19
3336,4.17
3337,4.21
3338,4.21
3339,4.22
3340,4.19
3341,4.06
3342,4.0
3343,3.98
3344,3.95
3345,3.92
3346,3.97
3347,3.83
3348,3.71
3349,3.52
3350,3.4
3351,3.34
3352,3.34
3353,3.31
3354,3.31
3355,3.27
3356,3.32
3357,3.37
3358,3.35
3359,3.45
3360,3.48
3361,3.42
3362,3.37
3363,3.23
3364,3.28
3365,3.32
3366,3.32
3367,3.33
3368,3.33
3369,3.34
3370,3.42
3371,3.53
3372,3.69
3373,3.7
3374,3.94
3375,3.96
3376,3.9
3377,3.81
3378,3.83
3379,3.82
3380,3.82
3381,3.81
3382,3.79
3383,3.78
3384,3.76
3385,3.76
3386,3.74
3387,3.76
3388,3.69
3389,3.76
3390,3.75
3391,3.78
3392,3.77
3393,3.67
3394,3.66
3395,3.66
3396,3.6
3397,3.62
3398,3.64
3399,3.5
3400,3.46
3401,3.47
3402,3.47
3403,3.42
3404,3.42
3405,3.38
3406,3.31
3407,3.33
3408,3.33
3409,3.42
3410,3.43
3411,3.4
3412,3.42
3413,3.5
3414,3.59
3415,3.56
3416,3.54
3417,3.61
3418,3.59
3419,3.6
3420,3.55
3421,3.63
3422,3.65
3423,3.67
3424,3.7
3425,3.75
3426,3.71
3427,3.77
3428,3.75
3429,3.78
3430,3.7
3431,3.79
3432,3.8
3433,3.83
3434,3.83
3435,3.83
3436,3.91
3437,3.86
3438,3.86
3439,3.88
3440,3.89
3441,3.89
3442,3.94
3443,3.94
3444,3.91
3445,3.87
3446,3.78
3447,3.85
3448,3.95
3449,3.96
3450,3.96
3451,3.97
3452,3.98
3453,3.95
3454,3.95
3455,3.9
3456,3.92
3457,4.04
3458,4.03
3459,3.93
3460,3.88
3461,3.88
3462,3.84
3463,3.85
3464,3.81
3465,3.74
3466,3.88
3467,3.92
3468,4.03
3469,4.05
3470,4.01
3471,3.98
3472,3.82
3473,3.84
3474,3.62
3475,3.7
3476,3.73
3477,4.02
3478,4.27
3479,4.29
3480,4.31
3481,4.37
3482,4.46
3483,4.45
3484,4.59
3485,4.67
3486,4.68
3487,4.62
3488,4.74
3489,4.72
3490,4.74
3491,4.68
3492,4.75
3493,4.8
3494,4.8
3495,4.85
3496,4.85
3497,4.94
3498,4.95
3499,5.03
3500,5.02
3501,5.01
3502,5.1
3503,5.11
3504,5.19
3505,5.21
3506,5.21
3507,5.17
3508,5.2
3509,5.11
3510,5.1
3511,5.11
3512,5.19
3513,5.17
3514,5.08
3515,5.17
3516,5.21
3517,5.14
3518,5.11
3519,5.09
3520,5.1
3521,5.02
3522,5.03
3523,4.99
3524,4.99
3525,4.94
3526,5.07
3527,5.08
3528,5.08
3529,5.07
3530,5.11
3531,5.03
3532,4.94
3533,4.91
3534,4.95
3535,4.97
3536,4.9
3537,4.85
3538,4.85
3539,4.78
3540,4.78
3541,4.8
3542,4.87
3543,4.91
3544,4.87
3545,4.87
3546,4.89
3547,4.82
3548,4.76
3549,4.79
3550,4.78
3551,4.7
3552,4.7
3553,4.72
3554,4.81
3555,4.92
3556,4.85
3557,4.68
3558,4.76
3559,4.83
3560,4.82
3561,4.8
3562,4.86
3563,4.92
3564,4.91
3565,4.94
3566,4.89
3567,4.95
3568,4.82
3569,4.76
3570,4.72
3571,4.66
3572,4.65
3573,4.64
3574,4.7
3575,4.76
3576,4.77
3577,4.47
3578,4.2
3579,4.2
3580,4.19
3581,4.13
3582,4.07
3583,4.06
3584,3.94
3585,3.84
3586,3.82
3587,3.77
3588,3.67
3589,3.65
3590,3.62
3591,3.56
3592,3.62
3593,3.57
3594,3.79
3595,3.74
3596,3.95
3597,3.91
3598,3.92
3599,3.83
3600,3.93
3601,3.94
3602,3.94
3603,3.92
3604,3.85
3605,3.91
3606,3.93
3607,4.14
3608,4.08
3609,4.13
3610,4.16
3611,4.15
3612,4.08
3613,4.09
3614,4.13
3615,4.03
3616,4.17
3617,4.19
3618,4.3
3619,4.38
3620,4.41
3621,4.42
3622,4.38
3623,4.37
3624,4.45
3625,4.45
3626,4.36
3627,4.29
3628,4.29
3629,4.28
3630,4.26
3631,4.29
3632,4.28
3633,4.29
3634,4.2
3635,4.18
3636,4.18
3637,4.29
3638,4.29
3639,4.33
3640,4.41
3641,4.39
3642,4.36
3643,4.42
3644,4.45
3645,4.47
3646,4.45
3647,4.56
3648,4.57
3649,4.55
3650,4.59
3651,4.59
3652,4.59
3653,4.56
3654,4.56
3655,4.6
3656,4.62
3657,4.64
3658,4.61
3659,4.62
3660,4.6
3661,4.63
3662,4.61
3663,4.66
3664,4.66
3665,4.63
3666,4.56
3667,4.5
3668,4.64
3669,4.64
3670,4.73
3671,4.83
3672,4.99
3673,5.0
3674,5.02
3675,4.92
3676,4.9
3677,4.9
3678,5.09
3679,5.07
3680,5.06
3681,5.06
3682,5.03
3683,5.17
3684,5.2
3685,5.2
3686,5.37
3687,5.47
3688,5.48
3689,5.62
3690,5.64
3691,6.05
3692,6.04
3693,6.12
3694,6.11
3695,6.12
3696,6.04
3697,5.98
3698,5.93
3699,5.97
3700,6.02
3701,6.18
3702,6.08
3703,6.09
3704,6.25
3705,6.27
3706,6.28
3707,6.1
3708,6.11
3709,6.22
3710,6.24
3711,6.25
3712,6.25
3713,6.22
3714,6.19
3715,6.37
3716,6.25
3717,6.41
3718,6.33
3719,6.29
3720,6.49
3721,6.48
3722,6.6
3723,6.75
3724,6.67
3725,6.68
3726,6.64
3727,6.72
3728,6.78
3729,6.86
3730,6.87
3731,6.86
3732,6.85
3733,6.89
3734,7.02
3735,7.04
3736,7.23
3737,7.13
3738,7.15
3739,7.26
3740,7.17
3741,7.23
3742,7.26
3743,7.15
3744,7.13
3745,7.14
3746,7.36
3747,7.28
3748,7.34
3749,7.39
3750,7.35
3751,7.58
3752,7.62
3753,7.61
3754,7.57
3755,7.47
3756,7.45
3757,7.43
3758,7.38
3759,7.33
3760,7.33
3761,7.31
3762,7.35
3763,7.31
3764,7.39
3765,7.46
3766,7.51
3767,7.48
3768,7.32
3769,7.39
3770,7.56
3771,7.46
3772,7.41
3773,7.43
3774,7.35
3775,7.34
3776,7.32
3777,7.32
3778,7.15
3779,7.18
3780,7.24
3781,7.38
3782,7.4
3783,7.33
3784,7.34
3785,7.36
3786,7.2
3787,7.2
3788,7.22
3789,7.12
3790,7.09
3791,6.69
3792,6.63
3793,6.53
3794,6.39
3795,6.39
3796,6.29
3797,6.28
3798,6.38
3799,6.36
3800,6.21
3801,6.13
3802,6.35
3803,6.38
3804,6.22
3805,6.14
3806,6.15
3807,6.12
3808,6.15
3809,6.05
3810,6.17
3811,6.27
3812,6.45
3813,6.45
3814,6.48
3815,6.34
3816,6.39
3817,6.25
3818,6.24
3819,6.24
3820,6.01
3821,6.09
3822,6.34
3823,6.27
3824,6.24
3825,6.23
3826,6.29
3827,6.33
3828,6.28
3829,6.2
3830,6.16
3831,6.13
3832,6.18
3833,6.32
3834,6.23
3835,6.25
3836,6.1
3837,6.08
3838,6.12
3839,6.01
3840,6.05
3841,6.22
3842,6.19
3843,6.28
3844,6.27
3845,6.36
3846,6.15
3847,6.14
3848,6.03
3849,5.96
3850,6.0
3851,5.86
3852,5.81
3853,5.82
3854,5.76
3855,5.72
3856,5.75
3857,5.76
3858,5.75
3859,5.74
3860,5.79
3861,5.8
3862,5.77
3863,5.69
3864,5.73
3865,5.69
3866,5.61
3867,5.65
3868,5.69
3869,5.63
3870,5.35
3871,5.37
3872,5.43
3873,5.4
3874,5.4
3875,5.36
3876,5.42
3877,5.49
3878,5.5
3879,5.64
3880,5.59
3881,5.43
3882,5.48
3883,5.52
3884,5.44
3885,5.41
3886,5.41
3887,5.41
3888,5.42
3889,5.36
3890,5.38
3891,5.49
3892,5.45
3893,5.63
3894,5.59
3895,5.76
3896,5.8
3897,5.83
3898,5.77
3899,5.75
3900,5.88
3901,5.78
3902,5.65
3903,5.64
3904,5.65
3905,5.64
3906,5.73
3907,5.73
3908,5.71
3909,5.65
3910,5.47
3911,5.4
3912,5.2
3913,5.25
3914,5.21
3915,5.21
3916,5.12
3917,5.26
3918,5.24
3919,5.31
3920,5.37
3921,5.38
3922,5.05
3923,5.03
3924,5.06
3925,5.1
3926,5.07
3927,4.98
3928,4.99
3929,5.1
3930,5.1
3931,5.2
3932,5.16
3933,4.97
3934,5.05
3935,5.03
3936,4.98
3937,5.01
3938,5.03
3939,5.03
3940,5.0
3941,4.77
3942,4.77
3943,4.73
3944,4.8
3945,4.7
3946,4.71
3947,4.76
3948,4.78
3949,4.82
3950,4.86
3951,4.99
3952,5.01
3953,5.07
3954,5.07
3955,5.15
3956,5.15
3957,5.23
3958,5.27
3959,5.26
3960,5.27
3961,5.47
3962,5.43
3963,5.5
3964,5.38
3965,5.35
3966,5.37
3967,5.34
3968,5.54
3969,5.59
3970,5.6
3971,5.66
3972,5.46
3973,5.44
3974,5.58
3975,5.61
3976,5.55
3977,5.48
3978,5.54
3979,5.39
3980,5.46
3981,5.52
3982,5.45
3983,5.37
3984,5.38
3985,5.59
3986,5.68
3987,5.59
3988,5.57
3989,5.83
3990,5.93
3991,6.01
3992,6.14
3993,6.13
3994,6.22
3995,6.05
3996,6.01
3997,5.99
3998,6.04
3999,6.15
4000,6.08
4001,6.11
4002,6.05
4003,6.1
4004,6.32
4005,6.35
4006,6.38
4007,6.47
4008,6.5
4009,6.5
4010,6.5
4011,6.46
4012,6.45
4013,6.37
4014,6.52
4015,6.53
4016,6.51
4017,6.36
4018,6.43
4019,6.39
4020,6.47
4021,6.44
4022,6.48
4023,6.46
4024,6.49
4025,6.52
4026,6.56
4027,6.57
4028,6.63
4029,6.63
4030,6.74
4031,6.83
4032,6.89
4033,6.89
4034,6.84
4035,6.86
4036,6.86
4037,6.88
4038,6.83
4039,6.95
4040,6.95
4041,6.98
4042,6.91
4043,6.87
4044,6.82
4045,6.8
4046,6.82
4047,6.85
4048,6.84
4049,6.85
4050,6.79
4051,6.57
4052,6.61
4053,6.78
4054,6.88
4055,6.9
4056,6.88
4057,6.82
4058,6.8
4059,6.82
4060,6.77
4061,6.55
4062,6.56
4063,6.48
4064,6.48
4065,6.51
4066,6.49
4067,6.62
4068,6.42
4069,6.42
4070,6.45
4071,6.39
4072,6.39
4073,6.45
4074,6.49
4075,6.46
4076,6.49
4077,6.52
4078,6.46
4079,6.47
4080,6.42
4081,6.37
4082,6.52
4083,6.49
4084,6.47
4085,6.33
4086,6.24
4087,6.32
4088,6.32
4089,6.12
4090,6.0
4091,5.83
4092,5.68
4093,5.75
4094,5.69
4095,5.69
4096,5.73
4097,5.73
4098,5.66
4099,5.57
4100,5.69
4101,5.75
4102,5.74
4103,5.74
4104,5.5
4105,5.51
4106,5.45
4107,5.38
4108,5.37
4109,5.63
4110,5.69
4111,5.84
4112,5.84
4113,5.88
4114,5.73
4115,5.72
4116,5.76
4117,5.88
4118,5.91
4119,5.86
4120,5.94
4121,5.93
4122,5.87
4123,5.86
4124,6.05
4125,5.99
4126,5.95
4127,5.93
4128,5.85
4129,5.73
4130,5.76
4131,5.56
4132,5.58
4133,5.62
4134,5.57
4135,5.59
4136,5.58
4137,5.54
4138,5.54
4139,5.42
4140,5.43
4141,5.47
4142,5.45
4143,5.53
4144,5.55
4145,5.67
4146,5.69
4147,5.6
4148,5.59
4149,5.56
4150,5.56
4151,5.61
4152,5.67
4153,5.46
4154,5.39
4155,5.47
4156,5.48
4157,5.49
4158,5.65
4159,5.65
4160,5.7
4161,5.81
4162,5.87
4163,5.89
4164,6.13
4165,6.16
4166,6.21
4167,6.06
4168,6.01
4169,5.99
4170,6.03
4171,6.17
4172,6.21
4173,6.21
4174,6.09
4175,6.19
4176,6.18
4177,6.17
4178,6.28
4179,6.32
4180,6.32
4181,6.36
4182,6.21
4183,6.27
4184,6.29
4185,6.23
4186,6.22
4187,6.13
4188,6.11
4189,6.32
4190,6.39
4191,6.45
4192,6.45
4193,6.25
4194,6.3
4195,6.46
4196,6.4
4197,6.4
4198,6.41
4199,6.53
4200,6.35
4201,6.55
4202,6.55
4203,6.49
4204,6.51
4205,6.5
4206,6.42
4207,6.41
4208,6.4
4209,6.33
4210,6.27
4211,6.15
4212,6.16
4213,6.14
4214,6.21
4215,6.22
4216,6.28
4217,6.14
4218,6.22
4219,6.29
4220,6.3
4221,6.34
4222,6.34
4223,6.33
4224,6.15
4225,6.15
4226,6.32
4227,6.5
4228,6.55
4229,6.74
4230,6.67
4231,6.76
4232,6.93
4233,6.89
4234,6.88
4235,6.85
4236,7.01
4237,7.1
4238,7.09
4239,7.33
4240,7.34
4241,7.3
4242,7.32
4243,7.49
4244,7.52
4245,7.4
4246,7.66
4247,8.03
4248,8.08
4249,8.2
4250,8.2
4251,8.15
4252,8.05
4253,8.03
4254,8.03
4255,7.85
4256,7.83
4257,7.96
4258,8.04
4259,8.04
4260,8.08
4261,8.01
4262,8.28
4263,8.3
4264,8.09
4265,8.09
4266,8.06
4267,8.08
4268,8.26
4269,8.32
4270,8.28
4271,8.23
4272,8.2
4273,8.18
4274,8.1
4275,8.06
4276,8.04
4277,8.02
4278,7.96
4279,8.08
4280,8.06
4281,8.1
4282,8.31
4283,8.36
4284,8.39
4285,8.46
4286,8.49
4287,8.59
4288,8.58
4289,8.42
4290,8.41
4291,8.34
4292,8.37
4293,8.43
4294,8.32
4295,8.28
4296,8.3
4297,8.36
4298,8.41
4299,8.3
4300,8.36
4301,8.09
4302,8.21
4303,8.24
4304,8.4
4305,8.41
4306,8.49
4307,8.48
4308,8.45
4309,8.35
4310,8.35
4311,8.32
4312,8.91
4313,9.01
4314,8.94
4315,9.12
4316,9.3
4317,9.32
4318,9.18
4319,9.14
4320,9.05
4321,8.94
4322,8.95
4323,8.95
4324,8.96
4325,9.18
4326,8.99
4327,8.82
4328,8.9
4329,8.85
4330,8.86
4331,8.83
4332,8.68
4333,8.89
4334,9.02
4335,9.25
4336,9.19
4337,9.2
4338,9.2
4339,9.03
4340,9.0
4341,8.99
4342,9.06
4343,8.97
4344,8.93
4345,8.96
4346,8.66
4347,8.29
4348,8.29
4349,8.17
4350,8.16
4351,8.17
4352,8.15
4353,8.19
4354,8.3
4355,8.33
4356,8.35
4357,8.27
4358,8.08
4359,8.31
4360,8.21
4361,8.23
4362,7.91
4363,7.89
4364,7.88
4365,7.84
4366,7.92
4367,7.97
4368,7.89
4369,8.01
4370,7.98
4371,7.99
4372,7.99
4373,7.97
4374,8.05
4375,8.07
4376,8.18
4377,8.21
4378,8.16
4379,8.02
4380,8.03
4381,8.06
4382,7.98
4383,7.87
4384,7.86
4385,7.81
4386,7.8
4387,7.71
4388,7.7
4389,7.66
4390,7.69
4391,8.0
4392,8.06
4393,7.96
4394,7.98
4395,7.93
4396,7.92
4397,8.01
4398,7.97
4399,8.01
4400,7.95
4401,8.01
4402,8.0
4403,8.04
4404,7.93
4405,8.05
4406,8.0
4407,8.03
4408,8.05
4409,7.96
4410,7.97
4411,7.99
4412,7.48
4413,7.42
4414,7.42
4415,7.22
4416,6.95
4417,7.02
4418,6.99
4419,7.02
4420,6.87
4421,6.89
4422,7.08
4423,7.28
4424,7.2
4425,6.97
4426,7.0
4427,6.98
4428,7.06
4429,6.94
4430,6.97
4431,7.04
4432,6.93
4433,6.86
4434,6.71
4435,6.47
4436,6.47
4437,6.38
4438,6.47
4439,6.36
4440,6.39
4441,6.42
4442,6.34
4443,6.32
4444,6.31
4445,6.39
4446,6.47
4447,6.55
4448,6.52
4449,6.61
4450,6.68
4451,6.8
4452,7.53
4453,7.54
4454,7.67
4455,7.63
4456,7.59
4457,7.53
4458,7.47
4459,7.22
4460,7.42
4461,7.64
4462,7.69
4463,7.68
4464,7.73
4465,7.71
4466,7.71
4467,7.67
4468,7.6
4469,7.5
4470,7.51
4471,7.46
4472,7.56
4473,7.67
4474,7.66
4475,7.75
4476,7.72
4477,7.84
4478,7.84
4479,7.8
4480,7.85
4481,7.8
4482,7.7
4483,8.45
4484,8.6
4485,8.6
4486,8.58
4487,8.58
4488,8.58
4489,8.52
4490,8.62
4491,8.41
4492,8.44
4493,8.51
4494,8.54
4495,8.46
4496,8.69
4497,8.52
4498,8.54
4499,8.49
4500,8.6
4501,8.56
4502,8.45
4503,8.4
4504,8.6
4505,8.43
4506,8.6
4507,8.63
4508,8.69
4509,8.76
4510,8.79
4511,8.79
4512,8.74
4513,8.69
4514,8.86
4515,8.84
4516,9.01
4517,8.94
4518,9.03
4519,9.0
4520,9.03
4521,9.04
4522,8.83
4523,8.67
4524,8.8
4525,9.0
4526,9.07
4527,9.5
4528,9.32
4529,9.32
4530,9.23
4531,9.35
4532,9.38
4533,9.24
4534,9.24
4535,9.23
4536,9.24
4537,9.27
4538,9.16
4539,9.24
4540,9.42
4541,9.37
4542,9.63
4543,9.58
4544,9.57
4545,9.87
4546,9.79
4547,9.73
4548,9.86
4549,9.76
4550,9.71
4551,9.76
4552,9.05
4553,8.98
4554,8.86
4555,9.0
4556,9.2
4557,9.19
4558,9.21
4559,9.26
4560,9.2
4561,9.06
4562,9.01
4563,9.06
4564,9.14
4565,9.21
4566,9.38
4567,9.35
4568,9.54
4569,9.56
4570,9.73
4571,9.67
4572,9.64
4573,10.15
4574,10.11
4575,9.95
4576,9.89
4577,9.74
4578,9.82
4579,9.91
4580,9.83
4581,9.77
4582,9.81
4583,9.27
4584,9.09
4585,9.3
4586,9.46
4587,9.48
4588,9.76
4589,9.77
4590,9.76
4591,9.68
4592,9.66
4593,9.59
4594,9.56
4595,9.63
4596,9.44
4597,9.45
4598,9.41
4599,9.47
4600,9.37
4601,9.34
4602,9.4
4603,9.53
4604,9.27
4605,9.53
4606,9.52
4607,9.46
4608,9.43
4609,9.35
4610,9.31
4611,9.34
4612,9.57
4613,9.61
4614,9.49
4615,9.56
4616,9.78
4617,9.83
4618,9.76
4619,9.75
4620,9.72
4621,9.97
4622,9.98
4623,10.2
4624,10.17
4625,10.22
4626,10.19
4627,9.76
4628,9.73
4629,9.71
4630,9.7
4631,9.84
4632,10.13
4633,10.13
4634,10.26
4635,10.37
4636,10.49
4637,10.46
4638,10.47
4639,10.43
4640,10.27
4641,10.36
4642,10.11
4643,10.12
4644,10.11
4645,9.92
4646,9.97
4647,10.04
4648,10.14
4649,10.25
4650,10.25
4651,10.32
4652,10.42
4653,10.74
4654,10.59
4655,10.51
4656,10.48
4657,10.55
4658,10.52
4659,10.65
4660,10.56
4661,10.53
4662,10.66
4663,10.62
4664,10.53
4665,10.55
4666,10.33
4667,10.38
4668,10.21
4669,10.06
4670,9.9
4671,10.11
4672,10.06
4673,9.74
4674,9.72
4675,9.8
4676,9.86
4677,9.97
4678,9.93
4679,9.86
4680,9.91
4681,9.88
4682,9.82
4683,9.76
4684,9.78
4685,9.55
4686,9.5
4687,9.47
4688,9.22
4689,9.25
4690,9.08
4691,9.06
4692,9.01
4693,9.02
4694,8.99
4695,8.9
4696,8.85
4697,8.94
4698,8.98
4699,8.99
4700,9.02
4701,9.03
4702,8.97
4703,8.81
4704,8.81
4705,8.64
4706,8.62
4707,8.62
4708,8.69
4709,8.7
4710,8.7
4711,8.74
4712,8.54
4713,8.55
4714,8.52
4715,8.51
4716,8.35
4717,8.31
4718,8.29
4719,8.25
4720,8.25
4721,7.98
4722,7.96
4723,8.15
4724,8.18
4725,8.17
4726,8.16
4727,8.34
4728,8.34
4729,8.36
4730,8.36
4731,8.04
4732,7.82
4733,7.82
4734,7.88
4735,7.8
4736,7.62
4737,7.63
4738,7.76
4739,7.77
4740,7.85
4741,7.78
4742,7.81
4743,7.7
4744,7.83
4745,7.69
4746,7.69
4747,7.72
4748,7.53
4749,7.42
4750,7.55
4751,7.3
4752,7.29
4753,6.99
4754,7.01
4755,7.08
4756,6.9
4757,6.86
4758,6.85
4759,6.74
4760,6.74
4761,6.73
4762,6.7
4763,6.79
4764,6.8
4765,6.76
4766,6.75
4767,6.81
4768,6.76
4769,6.76
4770,6.83
4771,6.6
4772,6.72
4773,6.54
4774,6.56
4775,6.69
4776,6.67
4777,6.61
4778,6.91
4779,6.95
4780,6.9
4781,7.22
4782,7.23
4783,7.14
4784,7.33
4785,7.54
4786,7.58
4787,7.6
4788,7.6
4789,7.57
4790,7.61
4791,7.76
4792,7.94
4793,8.08
4794,8.19
4795,8.26
4796,8.38
4797,8.55
4798,8.51
4799,8.47
4800,8.48
4801,8.55
4802,8.66
4803,8.68
4804,8.73
4805,8.7
4806,8.75
4807,8.77
4808,8.75
4809,8.77
4810,8.91
4811,8.86
4812,9.02
4813,9.1
4814,9.14
4815,9.2
4816,9.29
4817,9.3
4818,9.28
4819,9.28
4820,9.37
4821,9.36
4822,9.36
4823,8.92
4824,8.81
4825,8.63
4826,8.6
4827,8.5
4828,8.51
4829,8.49
4830,8.96
4831,9.03
4832,8.95
4833,9.2
4834,9.09
4835,9.07
4836,9.03
4837,9.05
4838,9.04
4839,9.19
4840,9.1
4841,9.1
4842,9.26
4843,9.46
4844,9.34
4845,9.28
4846,9.23
4847,9.23
4848,9.27
4849,9.59
4850,9.54
4851,9.55
4852,9.63
4853,9.72
4854,9.79
4855,9.72
4856,9.93
4857,9.92
4858,10.08
4859,10.05
4860,10.01
4861,9.99
4862,9.87
4863,10.02
4864,10.03
4865,9.99
4866,10.0
4867,9.94
4868,10.0
4869,10.18
4870,10.19
4871,10.25
4872,10.13
4873,10.1
4874,10.1
4875,9.91
4876,10.2
4877,10.19
4878,9.99
4879,10.03
4880,10.33
4881,10.09
4882,10.12
4883,10.09
4884,9.87
4885,9.69
4886,10.02
4887,10.03
4888,10.29
4889,10.29
4890,10.35
4891,10.23
4892,10.22
4893,10.46
4894,10.37
4895,10.33
4896,10.27
4897,10.08
4898,10.1
4899,10.11
4900,10.1
4901,10.12
4902,10.08
4903,10.11
4904,10.07
4905,10.01
4906,9.77
4907,9.77
4908,9.7
4909,9.8
4910,9.72
4911,9.68
4912,9.53
4913,9.39
4914,9.58
4915,9.57
4916,9.24
4917,9.19
4918,9.2
4919,9.23
4920,9.16
4921,9.16
4922,9.19
4923,9.28
4924,9.28
4925,9.23
4926,9.35
4927,9.26
4928,9.39
4929,9.47
4930,9.07
4931,9.12
4932,9.16
4933,9.1
4934,9.1
4935,9.22
4936,9.26
4937,9.26
4938,9.34
4939,9.21
4940,9.25
4941,9.29
4942,9.1
4943,9.15
4944,9.14
4945,9.2
4946,9.2
4947,9.13
4948,9.17
4949,8.89
4950,8.81
4951,8.82
4952,8.63
4953,8.53
4954,8.44
4955,8.4
4956,8.44
4957,8.45
4958,8.29
4959,8.28
4960,8.33
4961,8.42
4962,8.68
4963,8.82
4964,8.78
4965,8.79
4966,8.85
4967,8.91
4968,8.88
4969,8.76
4970,8.71
4971,8.64
4972,8.68
4973,8.8
4974,8.77
4975,8.75
4976,8.49
4977,8.49
4978,8.35
4979,8.26
4980,8.29
4981,8.26
4982,8.41
4983,8.43
4984,8.57
4985,8.63
4986,8.16
4987,8.2
4988,8.06
4989,8.19
4990,8.08
4991,8.07
4992,7.89
4993,7.53
4994,7.58
4995,7.74
4996,7.72
4997,7.74
4998,7.7
4999,8.04
5000,8.12
5001,8.01
5002,7.95
5003,7.93
5004,7.95
5005,8.15
5006,8.24
5007,8.28
5008,8.35
5009,8.23
5010,8.24
5011,8.39
5012,8.45
5013,8.58
5014,8.44
5015,8.49
5016,8.56
5017,8.66
5018,8.72
5019,8.77
5020,9.08
5021,9.18
5022,9.16
5023,9.07
5024,9.06
5025,9.17
5026,9.4
5027,9.48
5028,9.35
5029,9.54
5030,9.53
5031,9.47
5032,9.56
5033,9.45
5034,9.4
5035,9.28
5036,9.41
5037,9.49
5038,9.33
5039,9.28
5040,9.33
5041,9.4
5042,9.53
5043,9.44
5044,9.46
5045,9.39
5046,9.36
5047,9.34
5048,9.2
5049,9.17
5050,9.18
5051,9.43
5052,9.43
5053,9.42
5054,9.74
5055,9.87
5056,9.83
5057,9.93
5058,9.97
5059,9.95
5060,9.91
5061,9.86
5062,9.63
5063,9.23
5064,9.19
5065,9.19
5066,9.33
5067,9.23
5068,9.24
5069,9.21
5070,9.18
5071,9.19
5072,9.14
5073,8.94
5074,8.95
5075,9.02
5076,8.98
5077,8.97
5078,8.95
5079,9.09
5080,8.77
5081,8.79
5082,8.85
5083,9.29
5084,9.47
5085,9.41
5086,9.44
5087,9.41
5088,9.36
5089,9.33
5090,9.33
5091,9.44
5092,9.46
5093,9.45
5094,9.43
5095,9.29
5096,9.34
5097,9.47
5098,9.75
5099,9.47
5100,9.56
5101,9.73
5102,9.76
5103,9.81
5104,9.77
5105,9.62
5106,9.55
5107,9.53
5108,9.92
5109,10.19
5110,10.16
5111,10.03
5112,10.07
5113,10.02
5114,10.07
5115,9.95
5116,10.31
5117,10.25
5118,10.19
5119,10.42
5120,10.33
5121,10.24
5122,10.31
5123,10.34
5124,10.47
5125,10.38
5126,10.33
5127,10.38
5128,10.43
5129,10.21
5130,10.27
5131,10.18
5132,10.13
5133,10.05
5134,10.03
5135,10.06
5136,9.94
5137,9.91
5138,10.03
5139,10.01
5140,10.14
5141,10.1
5142,9.96
5143,9.81
5144,10.21
5145,10.23
5146,10.25
5147,10.3
5148,10.35
5149,10.47
5150,10.52
5151,10.32
5152,10.37
5153,10.38
5154,10.11
5155,10.58
5156,10.39
5157,10.25
5158,10.34
5159,10.39
5160,10.41
5161,10.5
5162,10.64
5163,10.83
5164,10.97
5165,11.09
5166,10.96
5167,11.28
5168,11.29
5169,11.34
5170,11.42
5171,11.63
5172,11.74
5173,11.87
5174,11.89
5175,12.16
5176,12.38
5177,12.36
5178,12.36
5179,12.25
5180,12.26
5181,12.2
5182,12.05
5183,11.58
5184,11.43
5185,11.64
5186,11.74
5187,11.91
5188,11.83
5189,12.05
5190,12.31
5191,12.2
5192,12.17
5193,12.2
5194,12.45
5195,12.57
5196,12.63
5197,12.45
5198,12.24
5199,12.23
5200,12.12
5201,11.98
5202,12.1
5203,12.09
5204,12.53
5205,12.61
5206,12.86
5207,12.93
5208,12.58
5209,12.45
5210,12.43
5211,12.49
5212,12.32
5213,12.29
5214,12.5
5215,12.5
5216,12.45
5217,12.43
5218,12.76
5219,12.45
5220,12.22
5221,12.4
5222,12.32
5223,12.45
5224,12.38
5225,12.36
5226,12.03
5227,12.2
5228,12.22
5229,12.18
5230,12.1
5231,12.14
5232,12.04
5233,12.25
5234,12.25
5235,12.26
5236,12.28
5237,12.36
5238,12.29
5239,12.31
5240,12.14
5241,12.06
5242,12.06
5243,12.26
5244,11.88
5245,12.07
5246,12.1
5247,12.02
5248,12.11
5249,11.97
5250,11.9
5251,11.87
5252,12.39
5253,12.47
5254,12.44
5255,11.86
5256,11.9
5257,12.51
5258,12.42
5259,12.35
5260,12.45
5261,12.3
5262,12.5
5263,12.32
5264,12.28
5265,12.33
5266,12.35
5267,12.1
5268,12.14
5269,12.16
5270,12.22
5271,12.12
5272,12.01
5273,11.89
5274,11.89
5275,11.62
5276,11.37
5277,11.36
5278,11.37
5279,11.35
5280,11.43
5281,11.43
5282,11.32
5283,11.5
5284,11.46
5285,11.28
5286,11.14
5287,11.04
5288,11.02
5289,10.97
5290,10.84
5291,10.94
5292,11.06
5293,11.14
5294,11.01
5295,11.07
5296,10.93
5297,10.94
5298,11.47
5299,11.38
5300,11.29
5301,11.33
5302,11.2
5303,11.13
5304,10.69
5305,10.68
5306,10.75
5307,10.86
5308,11.24
5309,11.52
5310,11.6
5311,11.54
5312,11.62
5313,11.65
5314,11.37
5315,11.4
5316,11.22
5317,11.28
5318,11.19
5319,11.45
5320,11.84
5321,11.73
5322,11.87
5323,11.83
5324,11.78
5325,12.05
5326,12.13
5327,11.83
5328,11.86
5329,12.14
5330,12.42
5331,12.62
5332,12.69
5333,12.63
5334,12.75
5335,12.7
5336,12.62
5337,12.95
5338,12.85
5339,12.91
5340,12.82
5341,13.0
5342,13.0
5343,12.8
5344,12.83
5345,12.61
5346,12.63
5347,12.71
5348,12.63
5349,12.65
5350,12.63
5351,12.68
5352,12.17
5353,12.23
5354,12.27
5355,12.3
5356,12.42
5357,11.86
5358,11.9
5359,11.9
5360,11.76
5361,11.9
5362,11.56
5363,11.55
5364,11.49
5365,11.3
5366,11.4
5367,11.56
5368,11.47
5369,11.39
5370,11.51
5371,11.51
5372,11.49
5373,11.56
5374,11.83
5375,11.91
5376,11.9
5377,11.94
5378,12.17
5379,12.33
5380,12.23
5381,12.22
5382,12.26
5383,12.29
5384,12.17
5385,12.33
5386,12.58
5387,12.61
5388,12.62
5389,12.36
5390,12.33
5391,12.51
5392,12.41
5393,12.43
5394,12.42
5395,12.62
5396,12.68
5397,12.85
5398,12.26
5399,12.25
5400,12.41
5401,12.44
5402,12.9
5403,12.97
5404,12.97
5405,12.87
5406,12.54
5407,12.38
5408,11.95
5409,11.66
5410,11.87
5411,11.87
5412,11.8
5413,11.85
5414,12.04
5415,11.97
5416,12.0
5417,12.04
5418,12.21
5419,12.19
5420,12.22
5421,12.14
5422,12.16
5423,12.21
5424,12.19
5425,12.01
5426,12.19
5427,12.23
5428,12.14
5429,12.48
5430,12.32
5431,12.04
5432,12.16
5433,12.0
5434,11.91
5435,11.91
5436,11.99
5437,11.68
5438,11.68
5439,11.77
5440,11.9
5441,11.9
5442,11.99
5443,12.02
5444,12.42
5445,12.6
5446,12.55
5447,12.51
5448,12.5
5449,12.54
5450,12.59
5451,12.63
5452,12.59
5453,12.51
5454,12.5
5455,12.65
5456,12.47
5457,12.5
5458,12.69
5459,12.74
5460,12.79
5461,12.91
5462,13.51
5463,13.75
5464,13.97
5465,13.97
5466,13.78
5467,13.57
5468,13.58
5469,13.57
5470,13.37
5471,13.56
5472,13.71
5473,13.66
5474,13.38
5475,13.22
5476,13.52
5477,13.53
5478,13.32
5479,13.14
5480,13.17
5481,13.22
5482,13.25
5483,13.02
5484,13.21
5485,13.22
5486,13.2
5487,13.1
5488,13.27
5489,13.25
5490,13.18
5491,12.86
5492,12.95
5493,12.84
5494,12.86
5495,12.58
5496,12.58
5497,12.37
5498,12.5
5499,12.65
5500,12.54
5501,12.46
5502,11.98
5503,12.01
5504,12.16
5505,12.19
5506,12.3
5507,12.42
5508,12.41
5509,12.37
5510,12.08
5511,12.19
5512,12.2
5513,12.12
5514,11.98
5515,12.04
5516,11.86
5517,11.78
5518,11.41
5519,11.22
5520,10.89
5521,11.23
5522,11.1
5523,10.94
5524,11.21
5525,11.21
5526,11.0
5527,11.01
5528,11.1
5529,10.62
5530,10.45
5531,10.48
5532,10.46
5533,10.93
5534,10.95
5535,11.01
5536,10.94
5537,10.9
5538,11.07
5539,10.96
5540,10.83
5541,10.65
5542,10.59
5543,10.87
5544,10.51
5545,10.43
5546,10.61
5547,10.56
5548,10.55
5549,10.6
5550,10.66
5551,10.66
5552,10.67
5553,10.6
5554,10.67
5555,10.5
5556,10.61
5557,11.04
5558,10.78
5559,10.9
5560,10.93
5561,10.75
5562,10.27
5563,10.09
5564,9.88
5565,10.14
5566,10.13
5567,10.37
5568,10.44
5569,11.29
5570,11.28
5571,11.15
5572,11.12
5573,11.11
5574,11.12
5575,11.25
5576,11.05
5577,11.13
5578,11.14
5579,11.13
5580,11.21
5581,11.47
5582,11.51
5583,11.53
5584,11.33
5585,11.64
5586,11.61
5587,11.66
5588,11.62
5589,11.79
5590,11.82
5591,11.84
5592,11.7
5593,11.66
5594,11.54
5595,11.68
5596,11.63
5597,11.96
5598,11.88
5599,11.88
5600,12.11
5601,12.31
5602,12.33
5603,12.27
5604,12.12
5605,12.21
5606,12.09
5607,11.91
5608,12.13
5609,12.23
5610,12.25
5611,12.13
5612,12.29
5613,12.23
5614,12.15
5615,12.12
5616,12.21
5617,12.43
5618,12.5
5619,12.69
5620,12.73
5621,12.42
5622,12.59
5623,12.56
5624,12.36
5625,12.33
5626,12.27
5627,12.35
5628,12.29
5629,12.33
5630,12.36
5631,12.65
5632,12.55
5633,12.26
5634,12.32
5635,12.82
5636,12.99
5637,12.85
5638,12.68
5639,12.67
5640,12.82
5641,13.16
5642,13.14
5643,13.19
5644,13.5
5645,13.51
5646,13.46
5647,13.53
5648,13.6
5649,13.6
5650,13.67
5651,13.94
5652,13.94
5653,14.22
5654,14.37
5655,14.68
5656,14.75
5657,14.23
5658,14.24
5659,14.13
5660,14.08
5661,13.97
5662,13.81
5663,13.79
5664,13.89
5665,13.83
5666,13.97
5667,13.88
5668,14.24
5669,13.44
5670,13.41
5671,13.42
5672,13.39
5673,13.68
5674,13.68
5675,13.78
5676,13.74
5677,13.72
5678,13.97
5679,13.97
5680,13.92
5681,13.78
5682,13.74
5683,13.8
5684,13.8
5685,14.05
5686,14.27
5687,14.52
5688,14.58
5689,14.56
5690,14.54
5691,15.11
5692,15.15
5693,15.34
5694,15.3
5695,15.06
5696,15.03
5697,15.25
5698,15.44
5699,15.32
5700,15.17
5701,15.13
5702,15.19
5703,15.22
5704,15.47
5705,15.89
5706,16.45
5707,16.47
5708,16.3
5709,16.11
5710,16.69
5711,16.68
5712,16.53
5713,16.57
5714,17.06
5715,17.06
5716,16.93
5717,17.14
5718,17.29
5719,17.13
5720,17.05
5721,17.1
5722,17.19
5723,17.32
5724,17.28
5725,17.38
5726,17.43
5727,17.4
5728,17.48
5729,17.93
5730,18.07
5731,17.75
5732,17.81
5733,17.86
5734,17.76
5735,17.36
5736,17.32
5737,17.32
5738,17.39
5739,17.34
5740,17.2
5741,16.84
5742,16.82
5743,16.55
5744,16.23
5745,16.21
5746,16.43
5747,16.53
5748,16.81
5749,16.91
5750,16.81
5751,17.1
5752,17.13
5753,16.93
5754,16.83
5755,16.5
5756,16.41
5757,16.56
5758,16.57
5759,16.54
5760,16.62
5761,16.82
5762,17.06
5763,17.23
5764,17.12
5765,17.06
5766,17.05
5767,16.93
5768,16.49
5769,16.58
5770,16.6
5771,16.47
5772,16.4
5773,16.11
5774,16.15
5775,15.97
5776,15.97
5777,15.95
5778,15.68
5779,15.87
5780,16.0
5781,16.07
5782,16.21
5783,16.41
5784,16.49
5785,15.71
5786,15.44
5787,15.37
5788,15.35
5789,15.36
5790,15.5
5791,15.05
5792,15.11
5793,15.09
5794,15.11
5795,15.1
5796,15.3
5797,15.23
5798,15.05
5799,15.16
5800,15.04
5801,15.11
5802,15.04
5803,15.0
5804,14.95
5805,14.46
5806,13.97
5807,14.16
5808,14.34
5809,14.51
5810,14.06
5811,14.34
5812,14.33
5813,14.29
5814,13.8
5815,13.9
5816,14.02
5817,13.58
5818,13.53
5819,13.58
5820,13.56
5821,13.49
5822,13.23
5823,13.32
5824,13.29
5825,13.22
5826,13.5
5827,13.4
5828,13.48
5829,12.93
5830,13.04
5831,13.04
5832,13.17
5833,13.07
5834,13.07
5835,12.95
5836,12.93
5837,12.91
5838,12.91
5839,12.91
5840,12.92
5841,13.11
5842,13.22
5843,13.16
5844,13.32
5845,13.33
5846,12.97
5847,13.02
5848,12.7
5849,12.57
5850,12.51
5851,11.93
5852,11.96
5853,12.08
5854,11.96
5855,12.95
5856,13.39
5857,13.46
5858,13.49
5859,13.66
5860,13.68
5861,13.49
5862,13.7
5863,13.78
5864,14.03
5865,14.18
5866,14.05
5867,14.03
5868,14.11
5869,14.04
5870,14.28
5871,14.35
5872,14.33
5873,14.69
5874,14.9
5875,15.15
5876,15.2
5877,15.28
5878,15.28
5879,15.24
5880,15.07
5881,14.89
5882,14.85
5883,14.66
5884,14.6
5885,14.6
5886,14.85
5887,15.04
5888,15.11
5889,14.98
5890,15.12
5891,15.21
5892,15.22
5893,15.2
5894,15.17
5895,15.15
5896,15.21
5897,14.81
5898,14.8
5899,14.71
5900,14.71
5901,14.67
5902,14.7
5903,15.52
5904,15.47
5905,15.62
5906,15.61
5907,15.69
5908,16.04
5909,15.9
5910,16.26
5911,16.02
5912,16.23
5913,16.35
5914,16.33
5915,16.31
5916,16.46
5917,16.42
5918,16.31
5919,16.2
5920,16.91
5921,17.16
5922,17.72
5923,17.49
5924,17.57
5925,17.69
5926,17.48
5927,17.58
5928,17.43
5929,17.5
5930,17.27
5931,17.34
5932,17.34
5933,17.25
5934,17.58
5935,17.68
5936,17.57
5937,17.73
5938,17.66
5939,17.84
5940,17.94
5941,18.03
5942,18.23
5943,18.65
5944,18.54
5945,18.62
5946,18.65
5947,18.61
5948,19.0
5949,18.97
5950,19.08
5951,19.34
5952,19.48
5953,19.53
5954,19.57
5955,18.88
5956,18.64
5957,18.57
5958,19.03
5959,18.95
5960,19.01
5961,19.15
5962,18.73
5963,18.86
5964,18.64
5965,18.64
5966,18.87
5967,18.92
5968,18.93
5969,18.94
5970,19.4
5971,19.72
5972,20.01
5973,19.65
5974,19.38
5975,19.07
5976,18.96
5977,18.81
5978,18.78
5979,19.09
5980,19.61
5981,19.57
5982,19.5
5983,19.92
5984,20.08
5985,20.13
5986,19.91
5987,19.57
5988,19.57
5989,19.74
5990,19.44
5991,19.28
5992,19.18
5993,19.03
5994,19.06
5995,19.36
5996,19.2
5997,19.18
5998,19.17
5999,19.15
6000,19.29
6001,19.17
6002,19.13
6003,18.4
6004,18.25
6005,18.06
6006,18.03
6007,17.81
6008,17.58
6009,17.69
6010,17.33
6011,17.42
6012,17.68
6013,17.93
6014,17.91
6015,17.95
6016,17.72
6017,18.11
6018,18.37
6019,18.53
6020,17.84
6021,17.61
6022,17.07
6023,17.12
6024,17.07
6025,16.88
6026,17.0
6027,17.52
6028,17.66
6029,17.76
6030,17.76
6031,17.73
6032,17.77
6033,18.01
6034,17.78
6035,17.71
6036,17.7
6037,17.76
6038,17.83
6039,17.67
6040,18.05
6041,17.83
6042,17.7
6043,17.31
6044,17.2
6045,17.06
6046,17.19
6047,17.08
6048,16.68
6049,16.7
6050,16.63
6051,16.34
6052,16.44
6053,16.3
6054,16.38
6055,16.13
6056,15.93
6057,15.89
6058,15.57
6059,16.02
6060,15.94
6061,15.93
6062,15.9
6063,15.66
6064,16.16
6065,16.08
6066,16.38
6067,16.42
6068,16.46
6069,16.46
6070,15.7
6071,15.26
6072,14.99
6073,15.38
6074,15.37
6075,15.41
6076,15.49
6077,15.55
6078,15.58
6079,15.18
6080,14.91
6081,14.92
6082,14.93
6083,14.51
6084,14.33
6085,14.45
6086,14.42
6087,14.62
6088,14.38
6089,14.18
6090,14.34
6091,14.3
6092,14.36
6093,14.56
6094,14.55
6095,14.37
6096,14.32
6097,14.38
6098,14.37
6099,14.56
6100,14.5
6101,14.69
6102,14.66
6103,14.69
6104,14.96
6105,14.95
6106,15.02
6107,15.01
6108,14.66
6109,14.64
6110,14.54
6111,14.42
6112,13.97
6113,13.62
6114,13.66
6115,13.65
6116,13.7
6117,13.56
6118,13.27
6119,13.13
6120,13.36
6121,13.34
6122,13.29
6123,13.35
6124,13.46
6125,13.42
6126,13.36
6127,13.02
6128,12.82
6129,12.6
6130,12.66
6131,12.74
6132,12.82
6133,12.55
6134,12.47
6135,12.9
6136,13.5
6137,13.33
6138,13.35
6139,14.08
6140,13.95
6141,13.92
6142,13.84
6143,13.97
6144,14.01
6145,14.14
6146,14.03
6147,14.15
6148,14.1
6149,14.07
6150,14.01
6151,13.93
6152,13.64
6153,13.65
6154,13.59
6155,13.56
6156,13.59
6157,13.48
6158,13.42
6159,13.04
6160,13.21
6161,13.18
6162,13.6
6163,13.52
6164,13.35
6165,13.31
6166,12.78
6167,12.64
6168,12.55
6169,12.51
6170,12.87
6171,13.01
6172,13.13
6173,13.05
6174,13.17
6175,13.68
6176,13.66
6177,13.6
6178,13.64
6179,14.2
6180,13.99
6181,14.13
6182,14.02
6183,13.94
6184,14.27
6185,14.13
6186,14.07
6187,14.08
6188,14.18
6189,14.38
6190,14.49
6191,14.48
6192,14.72
6193,14.7
6194,14.68
6195,14.61
6196,14.61
6197,14.48
6198,14.45
6199,14.25
6200,14.16
6201,13.98
6202,14.01
6203,13.88
6204,13.64
6205,13.73
6206,13.64
6207,13.81
6208,13.73
6209,13.81
6210,13.76
6211,13.75
6212,13.73
6213,13.75
6214,13.76
6215,13.63
6216,13.52
6217,13.32
6218,13.25
6219,13.28
6220,13.11
6221,13.12
6222,13.42
6223,13.32
6224,13.23
6225,13.49
6226,13.33
6227,13.22
6228,13.23
6229,13.21
6230,13.12
6231,13.06
6232,12.8
6233,12.8
6234,12.8
6235,12.58
6236,12.36
6237,12.33
6238,12.38
6239,11.66
6240,11.34
6241,12.12
6242,12.23
6243,12.28
6244,12.24
6245,12.17
6246,12.14
6247,12.11
6248,13.44
6249,13.53
6250,14.04
6251,14.13
6252,14.45
6253,14.4
6254,14.33
6255,14.39
6256,14.29
6257,15.26
6258,15.14
6259,15.49
6260,15.32
6261,15.47
6262,15.4
6263,15.37
6264,15.03
6265,14.94
6266,15.0
6267,15.25
6268,15.26
6269,15.29
6270,15.02
6271,14.97
6272,14.87
6273,14.75
6274,15.1
6275,14.59
6276,14.64
6277,14.68
6278,14.66
6279,14.37
6280,14.42
6281,14.42
6282,14.46
6283,14.49
6284,14.18
6285,14.16
6286,14.07
6287,14.1
6288,14.19
6289,13.97
6290,13.92
6291,13.99
6292,14.41
6293,14.51
6294,14.55
6295,14.48
6296,14.72
6297,14.8
6298,15.03
6299,15.17
6300,15.16
6301,15.12
6302,15.4
6303,15.38
6304,15.58
6305,15.74
6306,15.73
6307,15.5
6308,15.52
6309,15.72
6310,15.73
6311,15.74
6312,15.72
6313,15.84
6314,15.85
6315,15.83
6316,15.9
6317,16.08
6318,16.48
6319,16.47
6320,16.39
6321,16.7
6322,16.72
6323,16.81
6324,16.78
6325,16.59
6326,16.72
6327,16.7
6328,16.87
6329,17.04
6330,17.06
6331,17.04
6332,17.02
6333,17.34
6334,17.38
6335,17.19
6336,16.9
6337,17.08
6338,17.11
6339,17.1
6340,17.33
6341,17.01
6342,16.89
6343,16.67
6344,16.95
6345,17.09
6346,17.36
6347,17.29
6348,16.16
6349,16.06
6350,15.56
6351,15.48
6352,15.12
6353,15.29
6354,15.34
6355,15.65
6356,15.63
6357,14.86
6358,14.85
6359,14.38
6360,14.36
6361,14.08
6362,13.88
6363,13.82
6364,13.76
6365,13.74
6366,14.88
6367,15.13
6368,15.16
6369,15.09
6370,15.4
6371,15.56
6372,16.07
6373,15.89
6374,15.58
6375,15.54
6376,15.48
6377,15.94
6378,16.32
6379,16.0
6380,15.9
6381,15.74
6382,15.7
6383,15.93
6384,16.18
6385,16.18
6386,16.55
6387,16.28
6388,16.13
6389,16.25
6390,16.08
6391,16.02
6392,15.47
6393,15.63
6394,15.67
6395,15.72
6396,15.95
6397,15.88
6398,15.69
6399,15.67
6400,15.99
6401,16.05
6402,15.91
6403,16.05
6404,15.84
6405,15.56
6406,15.71
6407,15.81
6408,16.0
6409,15.61
6410,15.65
6411,16.05
6412,16.07
6413,16.2
6414,16.34
6415,16.34
6416,16.3
6417,16.07
6418,15.66
6419,15.61
6420,15.85
6421,15.82
6422,15.5
6423,15.4
6424,15.4
6425,15.44
6426,15.44
6427,15.3
6428,15.12
6429,15.1
6430,15.09
6431,15.2
6432,15.28
6433,15.31
6434,15.36
6435,15.48
6436,15.71
6437,15.52
6438,15.38
6439,15.48
6440,15.32
6441,15.33
6442,15.36
6443,15.36
6444,15.14
6445,14.95
6446,14.67
6447,14.64
6448,14.89
6449,14.86
6450,15.01
6451,15.24
6452,15.32
6453,15.11
6454,15.03
6455,14.74
6456,14.74
6457,14.63
6458,14.63
6459,14.56
6460,14.79
6461,15.0
6462,14.88
6463,15.21
6464,15.31
6465,15.51
6466,14.43
6467,14.02
6468,13.95
6469,13.95
6470,13.81
6471,13.62
6472,13.21
6473,13.46
6474,13.51
6475,13.52
6476,13.91
6477,13.69
6478,13.36
6479,13.47
6480,13.54
6481,13.58
6482,13.89
6483,14.11
6484,13.95
6485,14.13
6486,13.77
6487,13.94
6488,14.16
6489,14.19
6490,14.15
6491,14.34
6492,14.26
6493,14.05
6494,14.23
6495,14.9
6496,14.47
6497,14.92
6498,14.98
6499,14.87
6500,14.88
6501,14.96
6502,15.16
6503,15.18
6504,15.26
6505,15.26
6506,15.83
6507,15.75
6508,15.57
6509,15.8
6510,16.11
6511,15.89
6512,16.3
6513,16.29
6514,16.3
6515,16.4
6516,16.68
6517,16.75
6518,17.08
6519,17.07
6520,16.85
6521,16.59
6522,16.59
6523,17.42
6524,17.41
6525,17.34
6526,17.41
6527,17.83
6528,17.9
6529,17.9
6530,18.39
6531,18.43
6532,18.46
6533,18.55
6534,18.77
6535,18.6
6536,18.3
6537,18.4
6538,18.48
6539,18.37
6540,18.25
6541,17.9
6542,18.42
6543,18.41
6544,18.4
6545,18.35
6546,18.52
6547,18.49
6548,18.11
6549,18.13
6550,18.23
6551,18.02
6552,18.13
6553,18.22
6554,18.25
6555,18.17
6556,18.17
6557,18.5
6558,18.73
6559,18.82
6560,18.5
6561,18.52
6562,18.53
6563,18.49
6564,18.62
6565,18.41
6566,18.66
6567,18.75
6568,18.75
6569,18.74
6570,18.58
6571,18.59
6572,18.54
6573,18.38
6574,18.59
6575,18.6
6576,18.46
6577,18.4
6578,18.36
6579,18.33
6580,18.42
6581,19.15
6582,19.25
6583,19.2
6584,19.14
6585,19.09
6586,19.18
6587,18.99
6588,18.88
6589,18.9
6590,18.89
6591,18.75
6592,18.65
6593,18.61
6594,18.8
6595,18.58
6596,18.5
6597,18.17
6598,18.16
6599,18.17
6600,17.97
6601,17.82
6602,17.48
6603,17.47
6604,17.43
6605,17.56
6606,17.0
6607,17.25
6608,17.23
6609,16.98
6610,16.62
6611,16.82
6612,16.4
6613,16.13
6614,15.91
6615,16.07
6616,15.81
6617,16.06
6618,15.85
6619,15.94
6620,15.9
6621,16.34
6622,16.43
6623,15.6
6624,15.65
6625,15.93
6626,16.13
6627,16.08
6628,16.08
6629,16.05
6630,15.75
6631,15.6
6632,15.92
6633,16.66
6634,16.65
6635,16.73
6636,16.8
6637,16.73
6638,16.82
6639,16.96
6640,17.13
6641,17.4
6642,16.97
6643,17.01
6644,17.2
6645,17.2
6646,17.06
6647,17.16
6648,17.24
6649,17.22
6650,16.98
6651,17.15
6652,17.4
6653,17.37
6654,17.41
6655,17.43
6656,17.56
6657,17.18
6658,17.18
6659,17.32
6660,17.46
6661,17.24
6662,17.22
6663,17.71
6664,18.44
6665,18.39
6666,18.09
6667,18.01
6668,18.7
6669,18.81
6670,18.92
6671,18.85
6672,18.92
6673,19.0
6674,18.95
6675,18.96
6676,18.76
6677,18.86
6678,18.81
6679,18.76
6680,18.71
6681,18.16
6682,17.76
6683,18.11
6684,18.11
6685,18.05
6686,18.11
6687,18.32
6688,18.2
6689,18.15
6690,18.21
6691,19.07
6692,19.74
6693,19.9
6694,19.48
6695,19.3
6696,19.76
6697,19.65
6698,20.18
6699,20.14
6700,20.46
6701,20.58
6702,20.86
6703,20.99
6704,20.96
6705,20.83
6706,21.2
6707,21.52
6708,21.72
6709,21.8
6710,21.85
6711,21.57
6712,21.64
6713,21.66
6714,21.65
6715,21.48
6716,21.64
6717,21.33
6718,21.38
6719,21.69
6720,21.86
6721,21.42
6722,21.55
6723,21.61
6724,21.64
6725,21.49
6726,21.29
6727,20.99
6728,21.1
6729,21.31
6730,21.36
6731,21.5
6732,21.0
6733,20.11
6734,19.78
6735,20.04
6736,20.03
6737,20.24
6738,20.06
6739,20.05
6740,19.91
6741,19.54
6742,19.4
6743,19.47
6744,19.58
6745,19.72
6746,19.81
6747,19.78
6748,19.83
6749,20.14
6750,20.27
6751,20.08
6752,19.67
6753,19.58
6754,19.75
6755,19.72
6756,19.6
6757,19.74
6758,19.93
6759,19.91
6760,19.89
6761,19.99
6762,19.98
6763,19.22
6764,18.46
6765,18.52
6766,18.9
6767,18.93
6768,18.39
6769,18.52
6770,18.85
6771,19.16
6772,19.04
6773,19.08
6774,18.84
6775,18.86
6776,18.9
6777,18.84
6778,19.07
6779,19.46
6780,19.78
6781,19.56
6782,19.57
6783,19.05
6784,19.01
6785,19.0
6786,19.01
6787,18.8
6788,18.84
6789,18.93
6790,18.9
6791,17.99
6792,17.32
6793,17.21
6794,17.69
6795,17.53
6796,17.43
6797,17.48
6798,16.86
6799,16.85
6800,16.67
6801,16.58
6802,16.33
6803,16.15
6804,16.41
6805,16.43
6806,16.07
6807,15.52
6808,15.4
6809,15.38
6810,15.52
6811,15.69
6812,16.03
6813,16.36
6814,16.82
6815,16.75
6816,16.61
6817,16.61
6818,17.62
6819,17.7
6820,17.66
6821,17.69
6822,17.5
6823,17.57
6824,17.51
6825,17.66
6826,17.45
6827,17.37
6828,17.23
6829,17.3
6830,17.04
6831,17.26
6832,17.34
6833,17.26
6834,17.36
6835,17.53
6836,17.55
6837,17.77
6838,17.84
6839,17.75
6840,17.79
6841,17.96
6842,17.99
6843,17.98
6844,18.24
6845,18.82
6846,18.79
6847,19.11
6848,19.14
6849,19.37
6850,19.41
6851,19.46
6852,19.48
6853,19.5
6854,19.77
6855,20.18
6856,20.27
6857,20.15
6858,19.73
6859,19.6
6860,19.49
6861,19.89
6862,20.44
6863,20.44
6864,20.3
6865,20.28
6866,20.4
6867,20.37
6868,20.27
6869,20.24
6870,20.19
6871,20.16
6872,20.52
6873,20.39
6874,20.28
6875,20.38
6876,20.24
6877,20.03
6878,19.84
6879,19.51
6880,19.07
6881,19.1
6882,19.08
6883,19.24
6884,19.36
6885,19.39
6886,19.25
6887,19.31
6888,19.36
6889,19.16
6890,19.31
6891,19.29
6892,19.34
6893,19.13
6894,18.62
6895,18.46
6896,18.14
6897,18.14
6898,18.22
6899,18.27
6900,18.06
6901,18.06
6902,18.04
6903,18.29
6904,18.03
6905,18.04
6906,17.89
6907,17.91
6908,17.84
6909,17.82
6910,17.83
6911,17.73
6912,17.39
6913,17.31
6914,17.15
6915,17.34
6916,17.38
6917,17.74
6918,16.81
6919,16.41
6920,16.27
6921,16.23
6922,16.2
6923,16.22
6924,16.78
6925,16.72
6926,16.88
6927,17.21
6928,17.2
6929,17.05
6930,17.1
6931,16.85
6932,16.99
6933,16.85
6934,16.82
6935,16.26
6936,16.54
6937,16.62
6938,16.76
6939,16.98
6940,16.92
6941,16.99
6942,16.89
6943,16.79
6944,16.29
6945,15.61
6946,15.5
6947,15.09
6948,14.98
6949,14.62
6950,14.5
6951,14.49
6952,14.52
6953,14.92
6954,14.4
6955,13.95
6956,14.0
6957,14.01
6958,14.02
6959,13.97
6960,14.07
6961,13.82
6962,13.34
6963,13.35
6964,13.33
6965,13.43
6966,12.9
6967,12.85
6968,12.82
6969,12.75
6970,12.26
6971,12.04
6972,11.67
6973,11.74
6974,11.96
6975,11.94
6976,11.94
6977,11.87
6978,12.12
6979,12.26
6980,12.73
6981,12.86
6982,13.1
6983,13.18
6984,13.17
6985,13.17
6986,13.36
6987,13.38
6988,13.55
6989,13.76
6990,13.78
6991,14.08
6992,14.14
6993,14.21
6994,14.96
6995,15.14
6996,15.11
6997,15.16
6998,15.13
6999,15.39
7000,15.43
7001,15.35
7002,15.33
7003,15.02
7004,15.01
7005,15.1
7006,15.18
7007,15.19
7008,15.22
7009,15.31
7010,15.32
7011,15.33
7012,15.29
7013,15.2
7014,15.31
7015,15.15
7016,15.38
7017,15.18
7018,15.21
7019,15.28
7020,15.79
7021,15.83
7022,15.83
7023,15.77
7024,15.39
7025,15.43
7026,15.71
7027,15.54
7028,15.78
7029,15.63
7030,15.61
7031,15.51
7032,15.46
7033,16.33
7034,16.25
7035,16.26
7036,16.03
7037,15.65
7038,15.68
7039,15.74
7040,16.21
7041,16.21
7042,16.58
7043,16.73
7044,16.71
7045,16.73
7046,16.74
7047,16.88
7048,16.82
7049,16.83
7050,17.02
7051,17.1
7052,17.39
7053,17.05
7054,17.06
7055,17.43
7056,17.51
7057,17.49
7058,17.48
7059,17.95
7060,18.15
7061,18.51
7062,18.67
7063,18.67
7064,18.7
7065,19.33
7066,19.37
7067,19.52
7068,19.49
7069,19.47
7070,19.64
7071,19.72
7072,19.69
7073,19.59
7074,19.61
7075,19.52
7076,19.71
7077,19.79
7078,19.89
7079,19.82
7080,19.47
7081,19.87
7082,19.71
7083,20.34
7084,20.26
7085,20.24
7086,20.24
7087,20.29
7088,20.14
7089,20.2
7090,20.24
7091,19.99
7092,20.04
7093,20.16
7094,19.43
7095,19.52
7096,19.92
7097,19.86
7098,20.13
7099,19.86
7100,19.88
7101,19.89
7102,20.13
7103,20.99
7104,21.25
7105,21.21
7106,21.12
7107,21.06
7108,21.12
7109,21.07
7110,20.95
7111,21.13
7112,21.3
7113,21.14
7114,20.81
7115,21.04
7116,21.19
7117,21.12
7118,21.77
7119,21.7
7120,21.27
7121,21.5
7122,21.73
7123,21.96
7124,21.92
7125,21.74
7126,21.52
7127,21.4
7128,21.18
7129,21.43
7130,21.58
7131,21.61
7132,21.48
7133,20.62
7134,20.76
7135,20.98
7136,20.97
7137,20.99
7138,21.3
7139,21.21
7140,20.77
7141,20.53
7142,20.17
7143,20.07
7144,19.94
7145,19.97
7146,20.03
7147,20.11
7148,20.38
7149,20.29
7150,20.06
7151,20.15
7152,20.13
7153,20.46
7154,20.52
7155,20.27
7156,20.66
7157,20.63
7158,20.63
7159,20.17
7160,20.04
7161,19.44
7162,19.24
7163,19.24
7164,19.32
7165,18.66
7166,19.03
7167,19.2
7168,19.35
7169,19.5
7170,19.94
7171,19.81
7172,19.88
7173,20.22
7174,20.26
7175,20.28
7176,20.23
7177,20.16
7178,20.0
7179,19.95
7180,19.84
7181,19.55
7182,19.48
7183,18.69
7184,18.85
7185,18.82
7186,18.62
7187,18.85
7188,18.8
7189,18.56
7190,18.74
7191,18.77
7192,18.82
7193,18.62
7194,18.97
7195,18.81
7196,18.57
7197,18.91
7198,18.83
7199,18.87
7200,19.1
7201,19.26
7202,19.0
7203,18.27
7204,18.08
7205,18.25
7206,18.57
7207,18.56
7208,18.53
7209,18.66
7210,18.63
7211,19.08
7212,18.98
7213,19.35
7214,19.32
7215,19.16
7216,18.83
7217,18.79
7218,18.05
7219,18.21
7220,18.36
7221,18.11
7222,17.9
7223,18.07
7224,17.91
7225,17.8
7226,17.61
7227,17.69
7228,18.28
7229,18.17
7230,18.21
7231,18.56
7232,18.71
7233,18.63
7234,18.63
7235,18.45
7236,18.49
7237,18.38
7238,18.39
7239,18.18
7240,18.3
7241,18.52
7242,18.94
7243,19.13
7244,19.59
7245,19.61
7246,19.61
7247,19.4
7248,19.17
7249,19.31
7250,19.33
7251,19.14
7252,19.02
7253,18.84
7254,18.92
7255,19.03
7256,18.95
7257,18.93
7258,18.97
7259,19.01
7260,18.94
7261,19.09
7262,19.39
7263,19.83
7264,19.81
7265,19.81
7266,20.06
7267,20.18
7268,20.25
7269,20.46
7270,19.86
7271,20.25
7272,20.21
7273,20.29
7274,20.08
7275,20.07
7276,20.01
7277,20.01
7278,19.84
7279,20.08
7280,20.3
7281,21.29
7282,21.53
7283,21.83
7284,21.74
7285,21.68
7286,21.69
7287,21.5
7288,21.45
7289,21.48
7290,21.23
7291,21.3
7292,21.1
7293,21.24
7294,21.72
7295,21.7
7296,21.86
7297,21.7
7298,21.61
7299,21.79
7300,21.46
7301,21.29
7302,21.29
7303,21.15
7304,21.27
7305,21.04
7306,20.74
7307,20.79
7308,20.71
7309,20.95
7310,20.91
7311,20.32
7312,20.46
7313,20.17
7314,20.15
7315,20.03
7316,19.87
7317,19.97
7318,20.02
7319,20.04
7320,20.13
7321,20.31
7322,20.38
7323,20.17
7324,20.7
7325,21.04
7326,21.02
7327,21.5
7328,20.96
7329,21.45
7330,21.57
7331,21.28
7332,21.39
7333,21.62
7334,21.81
7335,22.61
7336,22.46
7337,22.54
7338,22.08
7339,23.42
7340,23.77
7341,23.63
7342,23.88
7343,23.94
7344,23.5
7345,23.43
7346,23.73
7347,24.04
7348,24.1
7349,24.35
7350,24.32
7351,24.56
7352,24.99
7353,24.78
7354,24.89
7355,24.9
7356,24.68
7357,25.38
7358,25.41
7359,25.43
7360,25.7
7361,25.61
7362,25.38
7363,25.07
7364,25.01
7365,24.97
7366,24.46
7367,24.1
7368,24.61
7369,24.23
7370,24.23
7371,23.87
7372,24.1
7373,23.96
7374,24.25
7375,24.2
7376,25.07
7377,25.66
7378,25.87
7379,26.38
7380,26.22
7381,24.99
7382,24.79
7383,24.35
7384,24.76
7385,25.02
7386,25.01
7387,24.83
7388,24.88
7389,24.93
7390,24.92
7391,25.03
7392,25.23
7393,25.09
7394,25.45
7395,25.63
7396,25.37
7397,25.11
7398,24.95
7399,25.1
7400,25.12
7401,26.13
7402,26.17
7403,26.49
7404,26.29
7405,26.5
7406,26.6
7407,26.77
7408,27.05
7409,26.64
7410,27.07
7411,27.11
7412,27.01
7413,26.91
7414,27.14
7415,27.72
7416,27.76
7417,27.7
7418,27.81
7419,27.58
7420,27.55
7421,28.12
7422,28.47
7423,28.65
7424,28.12
7425,27.93
7426,28.2
7427,28.16
7428,28.29
7429,27.66
7430,27.67
7431,27.55
7432,27.4
7433,27.2
7434,26.88
7435,26.07
7436,26.52
7437,26.83
7438,26.84
7439,25.91
7440,25.53
7441,25.42
7442,25.06
7443,24.84
7444,25.6
7445,25.57
7446,26.17
7447,25.92
7448,25.88
7449,25.47
7450,25.53
7451,25.54
7452,24.94
7453,24.96
7454,24.86
7455,24.65
7456,24.4
7457,23.72
7458,23.65
7459,23.71
7460,23.51
7461,23.67
7462,23.83
7463,24.16
7464,24.26
7465,24.24
7466,24.11
7467,24.09
7468,23.87
7469,23.88
7470,23.91
7471,23.89
7472,23.72
7473,23.36
7474,23.24
7475,23.35
7476,22.44
7477,22.14
7478,21.86
7479,20.99
7480,20.99
7481,21.21
7482,21.33
7483,21.76
7484,21.27
7485,21.13
7486,22.03
7487,21.98
7488,21.96
7489,21.98
7490,22.01
7491,21.79
7492,21.73
7493,21.76
7494,20.59
7495,20.35
7496,20.39
7497,20.68
7498,20.69
7499,20.81
7500,21.05
7501,20.13
7502,20.9
7503,21.15
7504,21.47
7505,21.29
7506,21.35
7507,21.4
7508,21.31
7509,21.37
7510,21.17
7511,20.97
7512,21.23
7513,21.22
7514,21.03
7515,21.29
7516,21.52
7517,21.8
7518,21.52
7519,21.73
7520,21.45
7521,20.96
7522,20.53
7523,20.17
7524,20.29
7525,20.15
7526,19.9
7527,19.63
7528,19.42
7529,19.34
7530,19.1
7531,19.19
7532,20.09
7533,20.41
7534,20.4
7535,20.5
7536,20.04
7537,20.33
7538,20.26
7539,20.63
7540,20.57
7541,20.6
7542,20.59
7543,21.11
7544,20.47
7545,21.01
7546,20.15
7547,20.27
7548,20.16
7549,20.09
7550,20.53
7551,20.8
7552,21.66
7553,21.87
7554,21.71
7555,21.71
7556,21.67
7557,21.66
7558,21.8
7559,21.66
7560,21.6
7561,23.64
7562,23.37
7563,23.29
7564,23.61
7565,24.07
7566,24.62
7567,24.54
7568,24.45
7569,25.17
7570,25.46
7571,25.43
7572,25.42
7573,25.61
7574,25.58
7575,26.6
7576,26.58
7577,26.46
7578,26.82
7579,27.37
7580,27.62
7581,28.26
7582,30.57
7583,30.15
7584,30.22
7585,30.3
7586,29.69
7587,30.14
7588,30.31
7589,30.21
7590,30.41
7591,30.4
7592,30.63
7593,31.02
7594,31.03
7595,31.04
7596,31.12
7597,31.17
7598,31.41
7599,31.24
7600,31.07
7601,31.25
7602,30.65
7603,30.38
7604,30.29
7605,30.26
7606,30.41
7607,32.64
7608,32.62
7609,32.71
7610,32.8
7611,32.82
7612,32.49
7613,32.78
7614,32.94
7615,32.36
7616,32.32
7617,32.84
7618,32.89
7619,33.03
7620,33.01
7621,32.71
7622,32.77
7623,33.37
7624,33.48
7625,33.5
7626,33.56
7627,33.31
7628,33.38
7629,34.87
7630,35.43
7631,35.41
7632,34.45
7633,34.16
7634,34.23
7635,35.08
7636,35.44
7637,34.85
7638,34.94
7639,34.29
7640,34.24
7641,34.24
7642,34.63
7643,34.09
7644,34.11
7645,33.7
7646,33.77
7647,33.76
7648,34.14
7649,34.37
7650,34.01
7651,33.56
7652,32.75
7653,32.69
7654,32.78
7655,33.1
7656,33.3
7657,33.55
7658,33.51
7659,33.51
7660,33.4
7661,31.33
7662,31.33
7663,31.48
7664,31.44
7665,30.97
7666,30.42
7667,30.62
7668,30.66
7669,30.48
7670,30.32
7671,31.07
7672,31.22
7673,31.03
7674,31.14
7675,30.13
7676,30.23
7677,30.36
7678,30.03
7679,29.75
7680,29.62
7681,28.83
7682,26.61
7683,26.49
7684,26.79
7685,26.66
7686,26.38
7687,26.12
7688,25.87
7689,26.93
7690,26.57
7691,26.56
7692,26.99
7693,26.79
7694,27.08
7695,27.1
7696,27.13
7697,26.98
7698,26.86
7699,26.94
7700,27.11
7701,27.19
7702,27.21
7703,26.97
7704,27.32
7705,27.3
7706,27.12
7707,24.7
7708,24.59
7709,24.41
7710,24.27
7711,24.34
7712,24.31
7713,24.14
7714,24.06
7715,23.81
7716,23.72
7717,22.9
7718,22.81
7719,22.47
7720,22.57
7721,22.59
7722,22.75
7723,22.32
7724,22.17
7725,22.19
7726,22.2
7727,22.18
7728,22.09
7729,20.72
7730,20.43
7731,20.37
7732,20.31
7733,20.24
7734,20.28
7735,19.33
7736,18.98
7737,19.0
7738,18.92
7739,18.79
7740,18.82
7741,18.97
7742,18.29
7743,18.27
7744,18.71
7745,18.84
7746,18.75
7747,18.63
7748,18.28
7749,18.09
7750,18.34
7751,18.48
7752,18.51
7753,18.45
7754,18.44
7755,18.16
7756,17.93
7757,18.16
7758,18.2
7759,18.23
7760,18.22
7761,18.54
7762,18.61
7763,18.18
7764,17.95
7765,17.96
7766,18.18
7767,18.18
7768,17.73
7769,17.1
7770,17.31
7771,16.72
7772,16.7
7773,16.84
7774,16.88
7775,17.13
7776,17.04
7777,16.73
7778,16.92
7779,16.97
7780,17.13
7781,17.09
7782,17.41
7783,17.6
7784,17.53
7785,18.27
7786,18.77
7787,18.58
7788,18.69
7789,17.7
7790,18.7
7791,18.92
7792,18.71
7793,18.49
7794,18.41
7795,18.78
7796,18.72
7797,18.71
7798,18.68
7799,18.39
7800,18.25
7801,17.9
7802,17.87
7803,17.86
7804,17.37
7805,17.6
7806,17.44
7807,17.59
7808,18.07
7809,18.09
7810,17.88
7811,17.94
7812,18.08
7813,18.08
7814,18.2
7815,18.22
7816,18.19
7817,18.25
7818,18.27
7819,18.52
7820,18.43
7821,18.45
7822,18.33
7823,18.18
7824,18.15
7825,18.27
7826,18.54
7827,18.55
7828,19.15
7829,19.44
7830,19.09
7831,19.53
7832,19.74
7833,19.83
7834,19.89
7835,20.17
7836,20.18
7837,20.19
7838,20.21
7839,20.3
7840,20.25
7841,20.22
7842,20.28
7843,20.27
7844,19.72
7845,19.52
7846,19.7
7847,19.78
7848,19.93
7849,20.88
7850,20.7
7851,20.61
7852,20.84
7853,21.1
7854,21.28
7855,21.44
7856,21.51
7857,21.2
7858,21.15
7859,21.18
7860,21.38
7861,20.84
7862,21.52
7863,21.38
7864,21.18
7865,21.8
7866,22.96
7867,22.92
7868,23.04
7869,24.3
7870,24.55
7871,24.51
7872,24.64
7873,24.57
7874,24.49
7875,24.12
7876,24.87
7877,25.02
7878,25.13
7879,24.84
7880,24.85
7881,24.81
7882,24.23
7883,24.22
7884,24.16
7885,23.37
7886,22.88
7887,22.96
7888,22.95
7889,23.31
7890,22.28
7891,22.66
7892,22.21
7893,22.76
7894,22.67
7895,22.51
7896,22.35
7897,22.53
7898,22.71
7899,23.02
7900,22.9
7901,22.92
7902,23.14
7903,23.21
7904,23.14
7905,23.13
7906,23.6
7907,23.46
7908,23.97
7909,23.95
7910,24.01
7911,23.97
7912,24.43
7913,24.39
7914,24.56
7915,25.01
7916,25.14
7917,25.34
7918,25.51
7919,25.26
7920,25.25
7921,25.58
7922,25.54
7923,25.42
7924,25.6
7925,25.67
7926,25.6
7927,25.7
7928,25.21
7929,24.8
7930,25.41
7931,25.05
7932,24.78
7933,24.82
7934,24.79
7935,24.6
7936,24.77
7937,24.65
7938,24.58
7939,24.52
7940,25.19
7941,25.09
7942,25.22
7943,25.17
7944,25.75
7945,25.87
7946,25.87
7947,26.1
7948,26.54
7949,25.8
7950,26.16
7951,26.32
7952,26.28
7953,25.94
7954,25.7
7955,25.54
7956,25.9
7957,25.83
7958,25.89
7959,25.95
7960,25.8
7961,26.06
7962,25.5
7963,25.69
7964,26.13
7965,25.7
7966,24.22
7967,24.29
7968,24.29
7969,23.05
7970,22.48
7971,22.69
7972,22.83
7973,22.97
7974,23.21
7975,23.49
7976,23.18
7977,23.39
7978,23.15
7979,23.15
7980,23.03
7981,23.09
7982,23.28
7983,23.94
7984,24.02
7985,24.2
7986,24.33
7987,24.48
7988,24.53
7989,24.3
7990,24.55
7991,24.47
7992,24.47
7993,23.98
7994,23.97
7995,23.7
7996,24.12
7997,24.07
7998,23.96
7999,23.61
8000,23.84
8001,23.97
8002,23.59
8003,23.48
8004,23.64
8005,23.83
8006,23.56
8007,23.78
8008,23.0
8009,23.02
8010,22.97
8011,22.89
8012,22.64
8013,23.08
8014,23.19
8015,23.01
8016,23.42
8017,23.37
8018,23.18
8019,24.22
8020,24.22
8021,24.22
8022,24.21
8023,24.27
8024,24.05
8025,23.92
8026,23.85
8027,23.86
8028,23.87
8029,23.95
8030,23.46
8031,23.37
8032,23.69
8033,23.83
8034,23.99
8035,24.16
8036,24.47
8037,24.43
8038,24.45
8039,24.47
8040,23.96
8041,24.32
8042,24.31
8043,24.35
8044,23.92
8045,23.86
8046,23.89
8047,23.61
8048,23.01
8049,23.17
8050,22.86
8051,22.69
8052,22.41
8053,22.57
8054,22.9
8055,23.07
8056,22.64
8057,22.62
8058,22.55
8059,22.52
8060,22.78
8061,22.52
8062,22.4
8063,22.49
8064,22.2
8065,22.56
8066,23.18
8067,23.22
8068,23.3
8069,23.48
8070,23.54
8071,23.3
8072,23.38
8073,23.17
8074,22.72
8075,22.85
8076,22.42
8077,22.18
8078,22.98
8079,23.31
8080,23.23
8081,23.46
8082,23.38
8083,23.0
8084,22.75
8085,23.08
8086,23.28
8087,23.15
8088,23.0
8089,22.83
8090,22.63
8091,22.14
8092,22.55
8093,22.54
8094,22.51
8095,22.51
8096,22.54
8097,22.31
8098,22.19
8099,22.54
8100,22.38
8101,22.43
8102,22.69
8103,22.66
8104,22.96
8105,22.61
8106,22.55
8107,22.81
8108,22.71
8109,23.6
8110,23.66
8111,23.79
8112,24.0
8113,23.71
8114,23.26
8115,23.23
8116,23.18
8117,22.97
8118,22.94
8119,21.89
8120,22.04
8121,22.12
8122,22.35
8123,22.38
8124,22.41
8125,22.39
8126,22.27
8127,22.13
8128,22.01
8129,21.95
8130,21.91
8131,22.01
8132,21.93
8133,21.88
8134,21.67
8135,23.19
8136,22.99
8137,23.06
8138,24.05
8139,24.05
8140,23.93
8141,23.74
8142,23.61
8143,24.77
8144,25.2
8145,25.26
8146,25.34
8147,25.97
8148,26.09
8149,25.7
8150,25.62
8151,25.56
8152,25.54
8153,25.55
8154,25.27
8155,25.22
8156,25.62
8157,25.58
8158,25.53
8159,25.68
8160,25.37
8161,25.5
8162,25.67
8163,25.62
8164,25.75
8165,25.25
8166,25.54
8167,25.87
8168,26.22
8169,26.24
8170,26.38
8171,27.14
8172,27.06
8173,28.37
8174,28.4
8175,28.04
8176,28.0
8177,28.46
8178,27.81
8179,28.16
8180,28.15
8181,27.86
8182,27.79
8183,27.56
8184,27.81
8185,27.29
8186,26.93
8187,27.0
8188,27.06
8189,27.25
8190,27.24
8191,27.28
8192,26.79
8193,26.74
8194,27.32
8195,27.7
8196,27.31
8197,27.31
8198,27.36
8199,26.94
8200,26.95
8201,27.31
8202,27.48
8203,27.68
8204,27.21
8205,27.15
8206,27.11
8207,26.69
8208,26.81
8209,25.96
8210,25.89
8211,26.08
8212,25.72
8213,25.56
8214,25.53
8215,25.31
8216,24.89
8217,24.81
8218,24.88
8219,24.86
8220,24.76
8221,24.41
8222,24.21
8223,24.42
8224,24.57
8225,24.47
8226,24.58
8227,24.6
8228,24.79
8229,24.96
8230,24.9
8231,24.83
8232,25.48
8233,25.75
8234,25.73
8235,23.99
8236,23.75
8237,23.82
8238,22.94
8239,23.13
8240,23.16
8241,23.09
8242,23.72
8243,22.8
8244,22.5
8245,22.49
8246,22.16
8247,21.78
8248,21.67
8249,21.76
8250,21.64
8251,21.58
8252,21.8
8253,22.15
8254,22.51
8255,22.41
8256,22.14
8257,22.23
8258,22.24
8259,22.12
8260,22.13
8261,22.31
8262,22.09
8263,22.23
8264,22.03
8265,22.14
8266,21.29
8267,20.76
8268,20.36
8269,20.16
8270,20.0
8271,19.68
8272,19.7
8273,18.55
8274,18.52
8275,18.66
8276,18.79
8277,19.34
8278,19.25
8279,18.74
8280,18.88
8281,18.88
8282,19.03
8283,18.75
8284,18.43
8285,18.64
8286,18.86
8287,18.71
8288,18.89
8289,18.94
8290,19.05
8291,19.01
8292,18.96
8293,19.03
8294,18.5
8295,18.18
8296,18.16
8297,18.45
8298,18.45
8299,18.63
8300,18.55
8301,18.51
8302,18.4
8303,18.98
8304,19.66
8305,19.84
8306,19.74
8307,19.63
8308,19.36
8309,19.43
8310,20.15
8311,19.73
8312,19.54
8313,19.69
8314,20.15
8315,20.15
8316,20.47
8317,20.61
8318,20.62
8319,20.81
8320,20.91
8321,20.87
8322,21.12
8323,21.22
8324,21.54
8325,21.56
8326,21.51
8327,21.73
8328,21.76
8329,21.68
8330,21.81
8331,21.86
8332,21.09
8333,20.82
8334,20.98
8335,20.91
8336,20.85
8337,20.9
8338,20.85
8339,20.61
8340,20.6
8341,20.6
8342,19.99
8343,19.86
8344,19.57
8345,19.49
8346,19.98
8347,19.77
8348,19.91
8349,20.2
8350,20.4
8351,20.38
8352,20.32
8353,20.48
8354,20.11
8355,20.13
8356,20.01
8357,19.91
8358,20.04
8359,20.41
8360,20.52
8361,20.43
8362,20.53
8363,20.46
8364,21.06
8365,21.32
8366,21.33
8367,21.44
8368,21.74
8369,21.8
8370,21.73
8371,21.26
8372,21.08
8373,21.19
8374,21.68
8375,21.77
8376,21.82
8377,20.73
8378,20.67
8379,20.79
8380,21.12
8381,21.72
8382,21.6
8383,21.55
8384,21.83
8385,21.85
8386,22.04
8387,22.02
8388,21.91
8389,21.72
8390,21.57
8391,21.61
8392,22.07
8393,22.78
8394,24.07
8395,24.09
8396,24.22
8397,23.94
8398,23.93
8399,23.79
8400,24.7
8401,24.65
8402,25.19
8403,24.39
8404,23.76
8405,23.93
8406,23.95
8407,23.92
8408,24.11
8409,24.08
8410,23.6
8411,23.65
8412,24.02
8413,24.2
8414,23.68
8415,23.87
8416,23.41
8417,24.3
8418,24.61
8419,25.36
8420,25.32
8421,25.58
8422,25.55
8423,25.33
8424,24.95
8425,25.01
8426,24.83
8427,24.67
8428,25.12
8429,25.03
8430,24.88
8431,25.19
8432,25.09
8433,25.47
8434,25.34
8435,25.36
8436,25.74
8437,25.51
8438,26.52
8439,26.65
8440,26.59
8441,26.5
8442,26.72
8443,27.02
8444,27.44
8445,28.0
8446,27.58
8447,27.65
8448,27.97
8449,27.58
8450,27.34
8451,27.45
8452,27.3
8453,26.57
8454,26.76
8455,26.7
8456,26.77
8457,27.46
8458,27.34
8459,26.99
8460,26.88
8461,26.73
8462,26.77
8463,26.57
8464,26.11
8465,25.83
8466,26.06
8467,26.34
8468,26.08
8469,26.07
8470,26.24
8471,26.26
8472,25.96
8473,26.93
8474,26.39
8475,26.11
8476,26.25
8477,26.49
8478,26.68
8479,26.93
8480,26.32
8481,26.01
8482,25.98
8483,26.09
8484,25.81
8485,26.11
8486,25.75
8487,25.94
8488,26.05
8489,27.23
8490,27.79
8491,27.69
8492,27.24
8493,26.45
8494,25.43
8495,25.46
8496,25.31
8497,25.39
8498,25.5
8499,25.46
8500,24.74
8501,24.55
8502,23.72
8503,24.55
8504,24.57
8505,24.34
8506,24.61
8507,24.63
8508,24.42
8509,24.4
8510,24.27
8511,24.41
8512,24.44
8513,24.06
8514,24.38
8515,25.51
8516,25.76
8517,24.82
8518,24.63
8519,24.09
8520,24.5
8521,24.33
8522,24.3
8523,24.64
8524,24.54
8525,25.0
8526,25.1
8527,25.16
8528,24.55
8529,24.77
8530,25.42
8531,25.01
8532,25.05
8533,24.59
8534,24.83
8535,25.2
8536,24.96
8537,24.98
8538,23.87
8539,23.83
8540,24.28
8541,24.75
8542,24.65
8543,24.38
8544,23.98
8545,24.53
8546,24.69
8547,24.78
8548,24.29
8549,24.87
8550,25.71
8551,25.61
8552,25.87
8553,26.08
8554,26.77
8555,26.79
8556,26.8
8557,27.03
8558,27.17
8559,27.16
8560,27.51
8561,27.74
8562,27.67
8563,28.1
8564,28.37
8565,28.18
8566,28.05
8567,27.73
8568,27.58
8569,28.0
8570,29.22
8571,29.55
8572,29.78
8573,28.85
8574,29.07
8575,29.13
8576,29.17
8577,28.93
8578,29.49
8579,29.0
8580,29.0
8581,28.86
8582,28.94
8583,29.11
8584,29.13
8585,28.79
8586,28.86
8587,29.04
8588,29.14
8589,27.97
8590,27.68
8591,28.09
8592,28.11
8593,28.84
8594,28.85
8595,28.76
8596,28.77
8597,28.77
8598,28.81
8599,29.02
8600,29.15
8601,28.92
8602,29.37
8603,28.77
8604,29.23
8605,30.26
8606,30.02
8607,30.29
8608,30.63
8609,30.62
8610,30.93
8611,31.02
8612,30.56
8613,30.78
8614,30.52
8615,29.36
8616,29.07
8617,29.7
8618,29.66
8619,29.46
8620,28.98
8621,29.27
8622,29.21
8623,28.71
8624,28.68
8625,28.36
8626,28.35
8627,28.37
8628,28.31
8629,28.82
8630,28.36
8631,28.55
8632,29.33
8633,29.34
8634,29.03
8635,28.65
8636,28.76
8637,28.92
8638,29.08
8639,29.19
8640,29.03
8641,28.73
8642,28.71
8643,28.53
8644,28.52
8645,27.35
8646,27.23
8647,27.08
8648,27.07
8649,26.76
8650,26.1
8651,26.3
8652,26.01
8653,26.32
8654,25.41
8655,25.38
8656,25.35
8657,24.49
8658,24.34
8659,24.28
8660,23.98
8661,23.7
8662,23.74
8663,23.25
8664,23.26
8665,23.53
8666,23.79
8667,23.86
8668,23.9
8669,23.65
8670,22.23
8671,22.26
8672,22.01
8673,21.69
8674,21.44
8675,21.48
8676,21.76
8677,21.76
8678,20.97
8679,21.64
8680,21.63
8681,21.61
8682,21.62
8683,21.61
8684,21.65
8685,21.68
8686,21.67
8687,22.06
8688,21.9
8689,21.79
8690,21.87
8691,22.01
8692,22.37
8693,22.32
8694,21.85
8695,21.96
8696,22.02
8697,22.02
8698,21.92
8699,22.31
8700,22.79
8701,23.17
8702,23.81
8703,23.63
8704,23.62
8705,22.59
8706,22.76
8707,22.49
8708,22.55
8709,23.1
8710,22.96
8711,23.24
8712,23.25
8713,23.41
8714,24.89
8715,25.06
8716,25.26
8717,25.26
8718,25.28
8719,25.75
8720,26.08
8721,26.04
8722,25.94
8723,26.53
8724,26.58
8725,26.44
8726,26.35
8727,26.21
8728,26.74
8729,26.06
8730,26.08
8731,26.33
8732,25.61
8733,25.79
8734,26.71
8735,26.81
8736,27.39
8737,27.59
8738,27.85
8739,27.66
8740,27.6
8741,27.88
8742,27.81
8743,28.29
8744,28.59
8745,29.01
8746,29.12
8747,29.43
8748,29.46
8749,29.27
8750,29.08
8751,29.83
8752,30.09
8753,30.53
8754,31.79
8755,32.37
8756,33.14
8757,33.97
8758,35.18
8759,35.5
8760,35.63
8761,35.74
8762,35.85
8763,36.22
8764,35.79
8765,35.58
8766,35.4
8767,35.55
8768,35.52
8769,35.37
8770,35.36
8771,35.12
8772,35.8
8773,36.01
8774,36.14
8775,36.08
8776,35.7
8777,35.95
8778,35.93
8779,35.76
8780,36.32
8781,36.25
8782,36.7
8783,36.46
8784,36.39
8785,36.45
8786,36.95
8787,36.3
8788,36.36
8789,37.41
8790,37.15
8791,36.76
8792,37.08
8793,36.63
8794,36.81
8795,36.85
8796,36.81
8797,36.88
8798,36.76
8799,36.31
8800,35.57
8801,35.25
8802,34.34
8803,34.47
8804,34.2
8805,34.53
8806,34.32
8807,34.73
8808,34.36
8809,33.77
8810,33.62
8811,33.26
8812,33.52
8813,33.63
8814,32.11
8815,32.07
8816,32.09
8817,31.73
8818,31.99
8819,31.35
8820,31.52
8821,31.27
8822,31.19
8823,31.2
8824,31.59
8825,31.6
8826,31.74
8827,32.12
8828,32.53
8829,32.53
8830,33.52
8831,33.16
8832,33.9
8833,33.79
8834,33.01
8835,32.99
8836,32.24
8837,31.9
8838,31.93
8839,32.4
8840,32.19
8841,31.91
8842,31.92
8843,31.47
8844,31.18
8845,30.73
8846,30.6
8847,30.49
8848,30.58
8849,31.1
8850,31.7
8851,30.77
8852,30.51
8853,29.76
8854,28.69
8855,28.51
8856,27.69
8857,27.7
8858,26.44
8859,26.07
8860,25.95
8861,25.93
8862,26.2
8863,25.84
8864,25.75
8865,25.78
8866,25.79
8867,25.95
8868,25.97
8869,25.88
8870,26.01
8871,26.2
8872,25.87
8873,26.01
8874,26.6
8875,26.81
8876,26.55
8877,26.36
8878,26.45
8879,26.34
8880,26.05
8881,26.11
8882,25.74
8883,25.9
8884,26.18
8885,25.91
8886,25.6
8887,25.49
8888,25.35
8889,25.07
8890,25.24
8891,25.22
8892,24.78
8893,24.55
8894,24.51
8895,24.46
8896,24.51
8897,24.41
8898,24.52
8899,24.45
8900,24.43
8901,24.57
8902,25.13
8903,25.56
8904,25.78
8905,25.47
8906,25.66
8907,25.23
8908,25.43
8909,25.66
8910,25.61
8911,25.42
8912,25.75
8913,25.25
8914,25.26
8915,24.92
8916,24.76
8917,25.41
8918,26.17
8919,26.9
8920,26.54
8921,26.55
8922,26.9
8923,26.94
8924,26.59
8925,26.96
8926,26.97
8927,26.64
8928,25.76
8929,26.02
8930,25.46
8931,25.57
8932,25.49
8933,25.36
8934,25.68
8935,25.79
8936,26.16
8937,26.15
8938,25.74
8939,25.31
8940,25.4
8941,25.23
8942,26.31
8943,26.31
8944,26.33
8945,26.62
8946,26.67
8947,27.1
8948,27.02
8949,26.92
8950,26.73
8951,27.02
8952,27.32
8953,27.33
8954,27.17
8955,27.65
8956,28.07
8957,27.32
8958,27.36
8959,27.78
8960,28.37
8961,28.46
8962,28.07
8963,29.93
8964,31.64
8965,31.88
8966,31.62
8967,31.28
8968,31.38
8969,31.43
8970,31.59
8971,32.08
8972,32.26
8973,32.56
8974,31.86
8975,32.17
8976,32.35
8977,32.49
8978,32.38
8979,32.23
8980,32.57
8981,32.48
8982,32.47
8983,32.59
8984,32.4
8985,32.69
8986,32.39
8987,32.61
8988,32.54
8989,31.79
8990,32.15
8991,32.2
8992,32.17
8993,32.31
8994,32.99
8995,32.99
8996,33.37
8997,33.54
8998,33.92
8999,33.85
9000,33.9
9001,33.72
9002,32.93
9003,32.96
9004,32.51
9005,32.67
9006,33.73
9007,33.75
9008,33.54
9009,33.54
9010,33.66
9011,34.18
9012,33.78
9013,34.1
9014,34.22
9015,34.27
9016,34.38
9017,33.57
9018,32.57
9019,31.85
9020,31.68
9021,31.6
9022,31.42
9023,30.93
9024,30.96
9025,30.76
9026,30.8
9027,30.81
9028,30.9
9029,30.54
9030,29.88
9031,29.8
9032,29.15
9033,29.23
9034,28.74
9035,28.69
9036,28.22
9037,28.28
9038,28.52
9039,28.47
9040,28.38
9041,28.54
9042,27.55
9043,27.64
9044,27.67
9045,27.37
9046,27.9
9047,27.31
9048,27.28
9049,26.84
9050,26.52
9051,26.46
9052,26.46
9053,26.43
9054,26.57
9055,25.65
9056,25.46
9057,25.88
9058,26.0
9059,25.6
9060,24.94
9061,24.98
9062,25.02
9063,23.19
9064,21.88
9065,21.59
9066,21.66
9067,21.45
9068,21.32
9069,21.26
9070,21.01
9071,20.44
9072,19.97
9073,19.67
9074,19.89
9075,19.84
9076,19.76
9077,19.62
9078,19.64
9079,19.71
9080,19.44
9081,19.67
9082,19.5
9083,19.27
9084,19.3
9085,19.13
9086,20.15
9087,19.99
9088,20.33
9089,20.39
9090,19.75
9091,19.59
9092,19.36
9093,19.79
9094,19.16
9095,19.04
9096,18.63
9097,18.33
9098,17.96
9099,18.01
9100,18.19
9101,18.12
9102,18.14
9103,17.51
9104,17.49
9105,17.44
9106,16.26
9107,16.3
9108,16.3
9109,16.04
9110,16.04
9111,15.57
9112,15.41
9113,15.1
9114,14.96
9115,15.29
9116,15.17
9117,15.15
9118,15.0
9119,15.1
9120,15.09
9121,15.26
9122,15.16
9123,15.06
9124,14.93
9125,14.81
9126,14.81
9127,14.9
9128,15.04
9129,15.14
9130,15.75
9131,15.71
9132,15.61
9133,15.55
9134,15.78
9135,15.71
9136,15.89
9137,15.83
9138,15.71
9139,15.78
9140,15.77
9141,15.95
9142,15.74
9143,15.71
9144,15.82
9145,15.88
9146,15.27
9147,15.08
9148,15.21
9149,15.19
9150,15.07
9151,15.68
9152,15.71
9153,15.73
9154,15.63
9155,15.76
9156,16.33
9157,15.85
9158,16.25
9159,16.26
9160,16.29
9161,16.56
9162,16.54
9163,16.47
9164,16.14
9165,16.19
9166,16.29
9167,16.33
9168,16.57
9169,16.59
9170,16.77
9171,16.7
9172,16.77
9173,16.41
9174,16.16
9175,15.82
9176,15.85
9177,15.88
9178,16.16
9179,15.96
9180,15.68
9181,16.17
9182,16.46
9183,16.57
9184,16.59
9185,16.63
9186,15.62
9187,15.6
9188,15.34
9189,15.65
9190,15.76
9191,15.87
9192,16.1
9193,15.61
9194,15.44
9195,15.63
9196,15.72
9197,15.97
9198,15.87
9199,16.11
9200,16.03
9201,16.11
9202,16.53
9203,16.61
9204,16.61
9205,16.37
9206,16.29
9207,16.33
9208,16.48
9209,16.47
9210,16.26
9211,16.36
9212,16.33
9213,16.33
9214,16.97
9215,16.62
9216,16.59
9217,16.7
9218,16.74
9219,16.59
9220,16.59
9221,16.47
9222,17.0
9223,17.11
9224,17.25
9225,17.14
9226,16.96
9227,16.92
9228,16.7
9229,16.7
9230,16.15
9231,16.35
9232,16.32
9233,16.36
9234,16.22
9235,16.22
9236,16.32
9237,16.73
9238,16.77
9239,17.04
9240,17.04
9241,16.69
9242,16.82
9243,16.92
9244,16.9
9245,16.86
9246,17.03
9247,17.05
9248,16.93
9249,16.87
9250,17.16
9251,16.37
9252,16.03
9253,15.85
9254,15.76
9255,15.99
9256,15.38
9257,15.25
9258,15.03
9259,15.07
9260,15.14
9261,14.69
9262,14.58
9263,14.57
9264,14.54
9265,14.48
9266,14.39
9267,14.48
9268,14.35
9269,14.35
9270,14.16
9271,13.98
9272,13.86
9273,13.88
9274,13.88
9275,13.71
9276,13.6
9277,13.52
9278,13.21
9279,13.09
9280,13.06
9281,12.33
9282,12.03
9283,12.02
9284,11.88
9285,11.78
9286,11.76
9287,11.75
9288,11.88
9289,11.5
9290,11.47
9291,11.41
9292,11.18
9293,11.09
9294,11.12
9295,11.14
9296,11.06
9297,11.28
9298,11.26
9299,10.95
9300,11.05
9301,11.07
9302,10.68
9303,10.62
9304,10.61
9305,10.6
9306,10.69
9307,10.77
9308,10.88
9309,11.22
9310,11.5
9311,11.92
9312,12.03
9313,12.5
9314,11.97
9315,12.41
9316,12.45
9317,12.16
9318,12.12
9319,12.36
9320,12.41
9321,12.47
9322,11.91
9323,11.75
9324,11.68
9325,11.71
9326,11.97
9327,11.88
9328,11.84
9329,11.9
9330,11.9
9331,11.85
9332,12.05
9333,11.98
9334,11.98
9335,12.28
9336,12.0
9337,11.58
9338,11.6
9339,11.27
9340,11.83
9341,11.81
9342,12.24
9343,12.05
9344,12.06
9345,12.56
9346,12.41
9347,12.54
9348,12.52
9349,12.56
9350,12.43
9351,13.39
9352,13.4
9353,13.68
9354,13.76
9355,13.6
9356,13.47
9357,13.51
9358,13.23
9359,13.23
9360,13.17
9361,13.13
9362,13.14
9363,13.16
9364,13.16
9365,13.18
9366,13.13
9367,13.03
9368,13.0
9369,12.99
9370,13.2
9371,13.17
9372,13.17
9373,13.15
9374,13.83
9375,14.13
9376,14.33
9377,14.48
9378,15.05
9379,15.04
9380,15.07
9381,15.09
9382,15.08
9383,15.01
9384,15.11
9385,15.28
9386,15.3
9387,15.37
9388,15.17
9389,15.16
9390,15.08
9391,15.05
9392,15.11
9393,15.15
9394,15.18
9395,15.18
9396,15.15
9397,14.67
9398,14.79
9399,14.76
9400,14.48
9401,14.97
9402,15.41
9403,15.53
9404,16.1
9405,16.51
9406,16.98
9407,16.81
9408,16.81
9409,16.63
9410,16.98
9411,16.55
9412,16.53
9413,16.22
9414,16.16
9415,15.98
9416,16.09
9417,16.44
9418,16.48
9419,16.33
9420,16.37
9421,16.37
9422,16.31
9423,16.6
9424,16.63
9425,16.6
9426,16.33
9427,16.37
9428,16.34
9429,16.42
9430,16.39
9431,16.27
9432,16.25
9433,16.35
9434,16.37
9435,16.09
9436,16.21
9437,16.33
9438,16.54
9439,16.58
9440,16.13
9441,17.19
9442,16.66
9443,17.09
9444,17.09
9445,16.65
9446,16.58
9447,16.52
9448,17.15
9449,17.23
9450,17.14
9451,16.12
9452,16.13
9453,15.87
9454,16.43
9455,16.38
9456,16.4
9457,16.49
9458,16.49
9459,16.52
9460,16.66
9461,16.72
9462,17.04
9463,17.17
9464,17.34
9465,18.15
9466,18.27
9467,18.54
9468,18.46
9469,18.53
9470,18.3
9471,18.34
9472,18.49
9473,18.52
9474,18.03
9475,18.0
9476,17.99
9477,17.95
9478,17.52
9479,18.0
9480,18.04
9481,18.31
9482,18.35
9483,18.31
9484,18.25
9485,18.3
9486,18.28
9487,18.34
9488,18.34
9489,18.42
9490,18.52
9491,18.55
9492,18.68
9493,19.07
9494,19.59
9495,19.42
9496,19.41
9497,19.49
9498,19.44
9499,19.51
9500,19.56
9501,19.36
9502,19.04
9503,18.89
9504,18.42
9505,18.33
9506,17.84
9507,17.85
9508,17.62
9509,17.51
9510,17.22
9511,17.2
9512,17.15
9513,16.99
9514,17.07
9515,17.16
9516,17.25
9517,17.35
9518,17.43
9519,17.45
9520,17.38
9521,17.34
9522,17.34
9523,17.03
9524,17.26
9525,17.24
9526,17.71
9527,18.62
9528,18.97
9529,18.91
9530,19.07
9531,19.88
9532,19.89
9533,19.9
9534,19.96
9535,20.86
9536,20.78
9537,20.76
9538,20.77
9539,20.7
9540,20.59
9541,19.65
9542,20.1
9543,20.29
9544,20.19
9545,20.34
9546,20.67
9547,20.68
9548,21.42
9549,21.47
9550,21.58
9551,21.96
9552,22.03
9553,22.1
9554,21.45
9555,21.72
9556,21.79
9557,21.66
9558,21.75
9559,21.79
9560,21.72
9561,21.64
9562,21.48
9563,23.46
9564,23.52
9565,22.91
9566,23.54
9567,23.27
9568,23.44
9569,23.71
9570,24.44
9571,24.56
9572,24.8
9573,24.78
9574,24.6
9575,26.62
9576,26.61
9577,26.48
9578,26.63
9579,26.16
9580,26.18
9581,25.87
9582,26.03
9583,26.08
9584,26.58
9585,26.37
9586,26.5
9587,26.44
9588,26.54
9589,26.47
9590,26.4
9591,26.37
9592,26.38
9593,26.05
9594,25.53
9595,25.69
9596,25.78
9597,25.79
9598,25.85
9599,25.87
9600,26.1
9601,25.82
9602,25.68
9603,25.87
9604,26.24
9605,26.05
9606,26.36
9607,26.51
9608,26.46
9609,26.71
9610,26.45
9611,26.62
9612,26.6
9613,26.67
9614,27.31
9615,26.93
9616,26.73
9617,26.54
9618,26.41
9619,26.43
9620,26.52
9621,26.69
9622,27.99
9623,28.05
9624,27.82
9625,28.29
9626,27.88
9627,27.2
9628,26.97
9629,26.83
9630,26.69
9631,25.93
9632,25.75
9633,25.82
9634,25.7
9635,24.89
9636,25.03
9637,25.05
9638,25.29
9639,25.71
9640,26.25
9641,26.35
9642,25.91
9643,26.3
9644,26.29
9645,26.39
9646,26.03
9647,26.3
9648,25.38
9649,25.27
9650,25.52
9651,25.73
9652,25.82
9653,25.73
9654,25.97
9655,25.6
9656,25.79
9657,25.9
9658,26.08
9659,26.0
9660,25.89
9661,25.95
9662,26.3
9663,24.48
9664,24.38
9665,24.28
9666,23.91
9667,24.15
9668,24.63
9669,24.33
9670,23.93
9671,23.74
9672,23.54
9673,23.68
9674,24.32
9675,23.17
9676,22.98
9677,23.04
9678,22.76
9679,22.69
9680,22.9
9681,23.18
9682,22.99
9683,22.91
9684,22.42
9685,22.66
9686,22.74
9687,22.63
9688,22.57
9689,22.75
9690,22.86
9691,23.14
9692,23.18
9693,23.72
9694,24.56
9695,24.36
9696,24.36
9697,24.31
9698,24.18
9699,24.21
9700,23.93
9701,24.23
9702,24.51
9703,24.7
9704,24.31
9705,24.54
9706,24.33
9707,24.43
9708,24.57
9709,24.64
9710,24.62
9711,24.43
9712,24.57
9713,24.53
9714,24.38
9715,24.43
9716,24.57
9717,24.6
9718,24.72
9719,24.85
9720,24.75
9721,24.56
9722,23.28
9723,23.27
9724,23.35
9725,23.2
9726,23.15
9727,23.14
9728,23.02
9729,23.03
9730,23.0
9731,23.17
9732,23.3
9733,23.08
9734,23.37
9735,23.54
9736,23.44
9737,23.84
9738,23.34
9739,23.48
9740,22.99
9741,23.5
9742,23.48
9743,23.05
9744,23.06
9745,23.04
9746,23.03
9747,22.69
9748,22.32
9749,23.19
9750,22.77
9751,22.16
9752,22.14
9753,22.27
9754,22.32
9755,22.41
9756,22.48
9757,22.75
9758,22.48
9759,22.82
9760,22.95
9761,23.27
9762,22.91
9763,22.69
9764,22.92
9765,23.1
9766,23.87
9767,23.77
9768,23.09
9769,23.57
9770,23.49
9771,24.73
9772,24.71
9773,25.24
9774,24.99
9775,23.88
9776,24.05
9777,24.51
9778,25.16
9779,25.16
9780,25.12
9781,24.84
9782,25.37
9783,25.39
9784,25.34
9785,25.05
9786,24.84
9787,24.9
9788,25.26
9789,25.48
9790,25.53
9791,25.21
9792,25.1
9793,24.49
9794,23.58
9795,25.42
9796,26.01
9797,26.1
9798,26.09
9799,26.13
9800,26.32
9801,25.99
9802,25.68
9803,25.52
9804,25.64
9805,25.29
9806,25.61
9807,26.98
9808,27.1
9809,27.14
9810,27.27
9811,27.31
9812,27.51
9813,27.47
9814,26.87
9815,27.22
9816,27.22
9817,27.05
9818,27.69
9819,27.77
9820,27.79
9821,28.65
9822,28.73
9823,28.75
9824,28.58
9825,28.42
9826,29.15
9827,29.39
9828,29.71
9829,30.47
9830,30.55
9831,30.48
9832,31.03
9833,31.08
9834,31.1
9835,30.81
9836,31.33
9837,31.65
9838,31.58
9839,31.03
9840,31.25
9841,30.78
9842,30.89
9843,30.31
9844,30.44
9845,30.32
9846,31.12
9847,31.21
9848,31.15
9849,30.35
9850,31.55
9851,31.72
9852,31.56
9853,31.7
9854,31.48
9855,31.46
9856,31.4
9857,31.96
9858,32.13
9859,32.59
9860,32.46
9861,33.12
9862,33.3
9863,33.21
9864,33.32
9865,33.04
9866,32.05
9867,32.11
9868,32.41
9869,32.07
9870,31.94
9871,30.72
9872,30.7
9873,30.51
9874,30.5
9875,30.82
9876,30.95
9877,30.43
9878,29.77
9879,31.72
9880,31.75
9881,31.76
9882,31.62
9883,31.9
9884,32.49
9885,33.22
9886,33.26
9887,33.51
9888,33.12
9889,32.82
9890,32.75
9891,33.19
9892,33.22
9893,33.52
9894,33.55
9895,32.55
9896,32.96
9897,32.93
9898,33.82
9899,34.0
9900,34.19
9901,35.03
9902,35.03
9903,35.06
9904,34.96
9905,35.04
9906,34.62
9907,33.1
9908,33.32
9909,32.97
9910,32.85
9911,32.76
9912,32.55
9913,32.6
9914,32.62
9915,32.44
9916,32.63
9917,33.35
9918,33.22
9919,33.02
9920,33.94
9921,33.38
9922,33.73
9923,34.35
9924,34.38
9925,34.31
9926,33.75
9927,34.15
9928,34.63
9929,34.13
9930,34.6
9931,34.69
9932,34.48
9933,34.71
9934,34.41
9935,34.6
9936,34.03
9937,33.39
9938,33.49
9939,34.08
9940,33.8
9941,33.66
9942,33.62
9943,33.72
9944,33.69
9945,33.52
9946,32.98
9947,33.44
9948,33.46
9949,33.56
9950,32.59
9951,32.68
9952,33.04
9953,32.85
9954,33.0
9955,33.18
9956,32.86
9957,31.98
9958,32.32
9959,31.55
9960,31.58
9961,30.57
9962,30.65
9963,31.01
9964,31.09
9965,31.06
9966,31.08
9967,31.09
9968,30.93
9969,31.13
9970,31.03
9971,31.13
9972,31.13
9973,30.79
9974,30.46
9975,31.09
9976,31.17
9977,31.27
9978,31.93
9979,30.41
9980,30.81
9981,30.81
9982,30.84
9983,30.67
9984,30.09
9985,30.43
9986,30.52
9987,30.51
9988,30.56
9989,30.43
9990,30.38
9991,29.95
9992,29.9
9993,29.62
9994,29.64
9995,30.29
9996,29.21
9997,29.75
9998,28.99
9999,29.38
10000,29.98
10001,31.26
10002,31.33
10003,31.16
10004,31.91
10005,32.55
10006,32.71
10007,32.72
10008,32.27
10009,32.36
10010,32.87
10011,32.84
10012,32.69
10013,32.81
10014,33.03
10015,32.84
10016,32.78
10017,32.07
10018,31.45
10019,31.49
10020,30.63
10021,30.35
10022,29.92
10023,29.3
10024,29.48
10025,29.88
10026,29.98
10027,29.3
10028,28.55
10029,28.23
10030,28.14
10031,27.92
10032,27.87
10033,27.73
10034,27.7
10035,28.21
10036,28.23
10037,28.11
10038,27.95
10039,27.51
10040,27.6
10041,27.97
10042,28.69
10043,28.59
10044,28.62
10045,28.77
10046,28.67
10047,28.11
10048,28.43
10049,29.64
10050,29.6
10051,29.52
10052,29.52
10053,31.06
10054,31.17
10055,31.37
10056,31.51
10057,31.53
10058,31.75
10059,31.75
10060,31.97
10061,32.24
10062,32.55
10063,33.22
10064,33.46
10065,33.6
10066,34.06
10067,34.75
10068,34.87
10069,34.52
10070,34.53
10071,34.87
10072,35.6
10073,36.4
10074,36.39
10075,35.56
10076,35.41
10077,35.77
10078,35.12
10079,35.02
10080,34.96
10081,36.03
10082,35.72
10083,35.6
10084,35.72
10085,34.82
10086,35.24
10087,35.41
10088,35.53
10089,35.69
10090,36.02
10091,36.38
10092,36.67
10093,36.68
10094,36.7
10095,36.02
10096,36.27
10097,35.66
10098,35.86
10099,35.8
10100,35.02
10101,32.93
10102,33.04
10103,33.09
10104,32.35
10105,31.71
10106,31.89
10107,32.06
10108,32.21
10109,32.1
10110,31.56
10111,31.71
10112,31.76
10113,31.59
10114,31.46
10115,31.99
10116,31.68
10117,31.73
10118,31.8
10119,31.69
10120,31.84
10121,32.29
10122,32.83
10123,33.07
10124,34.21
10125,33.75
10126,34.46
10127,34.3
10128,34.43
10129,34.49
10130,34.15
10131,34.2
10132,33.88
10133,33.93
10134,34.83
10135,34.13
10136,36.21
10137,36.38
10138,36.54
10139,36.69
10140,36.6
10141,37.0
10142,36.3
10143,36.71
10144,36.84
10145,36.82
10146,36.74
10147,36.95
10148,36.67
10149,35.36
10150,35.16
10151,35.32
10152,34.97
10153,33.41
10154,33.09
10155,32.85
10156,33.82
10157,33.88
10158,33.12
10159,33.17
10160,32.92
10161,32.88
10162,32.14
10163,31.19
10164,30.53
10165,30.51
10166,29.84
10167,28.94
10168,28.67
10169,28.79
10170,28.92
10171,28.92
10172,28.41
10173,27.48
10174,28.87
10175,29.18
10176,29.29
10177,28.91
10178,28.96
10179,29.84
10180,29.47
10181,28.39
10182,28.52
10183,29.49
10184,29.68
10185,29.46
10186,28.93
10187,29.08
10188,29.04
10189,29.33
10190,29.12
10191,28.94
10192,28.63
10193,28.88
10194,29.12
10195,28.55
10196,29.17
10197,29.42
10198,30.81
10199,30.98
10200,31.11
10201,31.38
10202,31.45
10203,31.58
10204,31.81
10205,32.07
10206,31.78
10207,31.83
10208,31.78
10209,31.76
10210,32.45
10211,32.55
10212,32.53
10213,33.1
10214,33.51
10215,33.18
10216,33.78
10217,33.91
10218,33.79
10219,33.76
10220,33.57
10221,33.04
10222,32.85
10223,32.61
10224,31.3
10225,31.33
10226,30.79
10227,30.88
10228,30.75
10229,30.98
10230,30.84
10231,31.3
10232,31.7
10233,31.47
10234,30.57
10235,31.05
10236,28.94
10237,28.85
10238,28.86
10239,28.6
10240,28.62
10241,27.87
10242,27.87
10243,27.49
10244,27.55
10245,27.56
10246,27.66
10247,27.68
10248,27.59
10249,27.9
10250,28.28
10251,28.28
10252,28.96
10253,29.07
10254,29.19
10255,29.05
10256,27.95
10257,27.81
10258,27.84
10259,27.68
10260,28.26
10261,28.15
10262,28.36
10263,28.59
10264,28.42
10265,28.69
10266,30.01
10267,30.18
10268,30.75
10269,30.78
10270,30.88
10271,31.57
10272,31.29
10273,31.66
10274,30.31
10275,29.89
10276,29.53
10277,29.57
10278,29.65
10279,28.46
10280,28.17
10281,28.17
10282,27.91
10283,26.98
10284,27.01
10285,27.36
10286,27.35
10287,27.05
10288,26.93
10289,26.95
10290,26.77
10291,27.12
10292,27.33
10293,27.36
10294,27.42
10295,27.6
10296,26.79
10297,26.51
10298,24.82
10299,24.44
10300,24.61
10301,24.36
10302,24.15
10303,23.89
10304,23.59
10305,23.58
10306,23.5
10307,23.16
10308,23.09
10309,23.23
10310,22.52
10311,22.28
10312,22.32
10313,22.61
10314,22.29
10315,22.09
10316,22.67
10317,22.66
10318,23.06
10319,23.14
10320,23.36
10321,23.71
10322,23.67
10323,25.0
10324,26.2
10325,26.56
10326,26.37
10327,26.77
10328,28.14
10329,28.08
10330,28.32
10331,27.72
10332,27.91
10333,29.26
10334,29.41
10335,30.56
10336,30.63
10337,30.69
10338,31.23
10339,31.56
10340,32.48
10341,32.64
10342,33.3
10343,33.51
10344,33.22
10345,33.11
10346,33.36
10347,33.39
10348,34.13
10349,34.14
10350,34.98
10351,35.52
10352,35.81
10353,35.74
10354,35.89
10355,36.41
10356,36.92
10357,37.2
10358,37.39
10359,37.73
10360,37.55
10361,37.57
10362,37.38
10363,37.24
10364,37.69
10365,37.39
10366,36.75
10367,36.61
10368,36.37
10369,36.27
10370,36.23
10371,37.26
10372,37.5
10373,37.76
10374,37.69
10375,37.8
10376,38.34
10377,38.54
10378,38.89
10379,39.15
10380,39.29
10381,39.28
10382,40.62
10383,40.89
10384,40.69
10385,40.45
10386,41.75
10387,42.31
10388,42.63
10389,42.33
10390,42.6
10391,43.07
10392,43.37
10393,43.09
10394,42.78
10395,42.37
10396,42.39
10397,42.71
10398,42.7
10399,43.14
10400,43.41
10401,44.7
10402,45.54
10403,45.94
10404,46.3
10405,46.11
10406,46.5
10407,47.41
10408,48.08
10409,48.65
10410,48.83
10411,49.15
10412,49.08
10413,50.26
10414,50.07
10415,50.81
10416,50.67
10417,50.98
10418,50.76
10419,51.04
10420,51.27
10421,50.88
10422,50.98
10423,49.94
10424,49.26
10425,49.09
10426,49.22
10427,49.2
10428,48.56
10429,48.87
10430,48.81
10431,49.03
10432,48.35
10433,47.01
10434,47.24
10435,45.6
10436,45.51
10437,45.59
10438,44.87
10439,44.56
10440,44.24
10441,44.15
10442,43.46
10443,43.24
10444,43.6
10445,43.86
10446,43.95
10447,44.55
10448,44.66
10449,44.33
10450,44.83
10451,44.3
10452,43.32
10453,43.29
10454,44.07
10455,43.87
10456,43.81
10457,45.71
10458,45.78
10459,45.69
10460,45.77
10461,45.69
10462,46.24
10463,46.61
10464,46.19
10465,46.08
10466,45.59
10467,45.86
10468,45.66
10469,45.7
10470,45.65
10471,43.61
10472,43.58
10473,43.38
10474,43.87
10475,44.07
10476,43.83
10477,43.54
10478,43.86
10479,44.01
10480,43.97
10481,44.72
10482,43.53
10483,43.25
10484,43.32
10485,43.45
10486,42.25
10487,41.98
10488,42.35
10489,42.26
10490,42.12
10491,41.1
10492,40.68
10493,41.53
10494,41.9
10495,42.35
10496,42.23
10497,42.3
10498,42.29
10499,42.43
10500,41.75
10501,40.41
10502,40.25
10503,40.27
10504,40.35
10505,40.62
10506,41.08
10507,40.78
10508,40.19
10509,39.67
10510,40.15
10511,39.85
10512,39.83
10513,37.95
10514,38.03
10515,37.31
10516,37.12
10517,36.6
10518,36.43
10519,37.01
10520,36.61
10521,37.15
10522,37.42
10523,37.4
10524,37.58
10525,38.17
10526,38.73
10527,38.65
10528,38.21
10529,37.68
10530,37.66
10531,37.51
10532,37.91
10533,38.75
10534,38.57
10535,38.57
10536,40.1
10537,40.27
10538,40.86
10539,40.79
10540,40.49
10541,40.75
10542,41.91
10543,43.05
10544,42.94
10545,42.69
10546,42.28
10547,41.48
10548,40.77
10549,40.95
10550,39.3
10551,39.01
10552,39.86
10553,39.76
10554,38.94
10555,39.62
10556,39.19
10557,37.56
10558,37.72
10559,37.71
10560,37.38
10561,38.3
10562,37.79
10563,37.27
10564,37.47
10565,37.52
10566,37.43
10567,39.18
10568,39.12
10569,39.84
10570,40.05
10571,40.54
10572,40.48
10573,42.06
10574,43.72
10575,44.56
10576,44.85
10577,44.9
10578,44.36
10579,44.53
10580,45.85
10581,45.65
10582,45.57
10583,45.83
10584,45.97
10585,46.5
10586,46.57
10587,46.23
10588,45.5
10589,46.6
10590,46.57
10591,46.86
10592,46.92
10593,46.6
10594,46.38
10595,46.17
10596,46.42
10597,46.08
10598,46.17
10599,45.15
10600,45.06
10601,45.12
10602,44.99
10603,44.61
10604,45.13
10605,45.12
10606,44.56
10607,44.11
10608,44.32
10609,44.49
10610,44.1
10611,44.26
10612,44.38
10613,45.08
10614,45.09
10615,45.08
10616,45.92
10617,46.01
10618,46.25
10619,45.95
10620,45.99
10621,45.7
10622,45.65
10623,45.98
10624,45.31
10625,44.46
10626,43.78
10627,44.1
10628,44.14
10629,44.37
10630,44.38
10631,44.64
10632,44.22
10633,43.71
10634,43.59
10635,44.35
10636,43.06
10637,42.61
10638,42.7
10639,42.72
10640,42.63
10641,42.43
10642,41.4
10643,40.33
10644,40.11
10645,40.21
10646,40.54
10647,40.58
10648,40.46
10649,41.21
10650,41.42
10651,41.6
10652,41.1
10653,41.19
10654,41.24
10655,40.45
10656,40.46
10657,40.29
10658,40.37
10659,40.36
10660,41.02
10661,40.12
10662,40.04
10663,40.32
10664,41.91
10665,42.17
10666,42.52
10667,40.46
10668,40.51
10669,40.25
10670,40.33
10671,39.7
10672,39.52
10673,37.48
10674,36.38
10675,35.38
10676,34.8
10677,35.37
10678,35.11
10679,34.65
10680,33.54
10681,33.79
10682,33.91
10683,33.86
10684,33.49
10685,32.85
10686,33.01
10687,32.86
10688,32.85
10689,32.48
10690,32.44
10691,33.57
10692,33.53
10693,32.98
10694,33.21
10695,33.04
10696,33.28
10697,33.37
10698,33.5
10699,33.51
10700,33.57
10701,33.53
10702,32.92
10703,33.01
10704,32.14
10705,31.85
10706,31.59
10707,31.56
10708,31.45
10709,31.07
10710,30.83
10711,30.68
10712,30.67
10713,29.92
10714,30.18
10715,31.2
10716,29.58
10717,29.52
10718,29.46
10719,29.15
10720,29.42
10721,29.66
10722,29.36
10723,28.82
10724,29.1
10725,29.64
10726,29.47
10727,28.9
10728,28.54
10729,28.64
10730,28.6
10731,28.68
10732,28.9
10733,30.46
10734,30.55
10735,29.79
10736,30.24
10737,30.54
10738,30.14
10739,30.17
10740,30.98
10741,30.76
10742,30.62
10743,30.66
10744,31.21
10745,31.23
10746,30.94
10747,31.29
10748,31.54
10749,30.7
10750,30.67
10751,30.85
10752,30.9
10753,31.16
10754,31.41
10755,31.25
10756,31.46
10757,31.14
10758,30.96
10759,31.08
10760,30.86
10761,31.19
10762,31.37
10763,31.32
10764,30.11
10765,29.81
10766,29.4
10767,29.38
10768,30.08
10769,30.26
10770,30.55
10771,30.78
10772,31.11
10773,31.32
10774,30.27
10775,30.09
10776,30.24
10777,29.71
10778,29.9
10779,30.33
10780,30.03
10781,29.82
10782,29.68
10783,29.51
10784,30.66
10785,30.79
10786,30.55
10787,31.54
10788,32.07
10789,31.63
10790,31.57
10791,30.24
10792,30.58
10793,30.94
10794,30.88
10795,31.37
10796,31.18
10797,31.04
10798,31.07
10799,32.36
10800,33.61
10801,33.57
10802,33.66
10803,34.22
10804,34.8
10805,35.15
10806,35.36
10807,35.81
10808,35.75
10809,38.97
10810,39.32
10811,39.49
10812,39.38
10813,39.33
10814,40.5
10815,39.98
10816,40.6
10817,41.51
10818,41.97
10819,41.89
10820,42.86
10821,42.92
10822,43.1
10823,43.11
10824,43.11
10825,42.89
10826,45.16
10827,45.24
10828,45.69
10829,46.18
10830,46.28
10831,45.85
10832,46.12
10833,44.7
10834,44.99
10835,45.56
10836,45.1
10837,44.87
10838,44.92
10839,45.22
10840,44.36
10841,44.46
10842,45.57
10843,46.06
10844,45.41
10845,45.5
10846,45.34
10847,44.96
10848,44.77
10849,44.59
10850,44.34
10851,44.09
10852,44.18
10853,44.09
10854,43.59
10855,43.43
10856,43.39
10857,43.93
10858,43.76
10859,43.84
10860,43.44
10861,43.24
10862,43.27
10863,43.04
10864,42.45
10865,42.47
10866,42.58
10867,42.83
10868,42.93
10869,42.56
10870,41.87
10871,42.01
10872,42.15
10873,41.94
10874,42.5
10875,42.55
10876,43.53
10877,43.66
10878,43.63
10879,43.16
10880,43.28
10881,43.12
10882,43.07
10883,43.07
10884,42.45
10885,42.2
10886,43.21
10887,42.97
10888,42.88
10889,42.54
10890,42.89
10891,43.4
10892,45.54
10893,46.67
10894,46.45
10895,46.36
10896,46.1
10897,46.24
10898,46.24
10899,45.08
10900,46.34
10901,46.96
10902,47.1
10903,46.78
10904,46.06
10905,45.72
10906,46.3
10907,46.18
10908,46.5
10909,43.34
10910,43.36
10911,43.26
10912,44.62
10913,45.18
10914,43.68
10915,43.15
10916,43.02
10917,42.33
10918,42.07
10919,42.27
10920,40.92
10921,41.11
10922,41.71
10923,41.66
10924,41.37
10925,42.43
10926,40.08
10927,39.87
10928,39.46
10929,38.69
10930,38.63
10931,38.7
10932,38.21
10933,37.78
10934,37.75
10935,37.26
10936,37.63
10937,37.66
10938,37.71
10939,37.69
10940,38.09
10941,37.94
10942,36.99
10943,36.52
10944,36.8
10945,36.75
10946,36.74
10947,37.02
10948,37.28
10949,37.64
10950,37.85
10951,37.69
10952,37.64
10953,37.39
10954,37.4
10955,37.5
10956,37.37
10957,36.82
10958,36.67
10959,36.84
10960,36.7
10961,36.48
10962,36.53
10963,36.99
10964,37.07
10965,37.39
10966,37.64
10967,37.82
10968,37.13
10969,37.75
10970,38.2
10971,38.04
10972,37.63
10973,37.67
10974,37.24
10975,37.26
10976,36.57
10977,37.05
10978,37.05
10979,37.23
10980,37.14
10981,37.29
10982,37.77
10983,38.7
10984,38.49
10985,38.58
10986,37.51
10987,37.53
10988,37.14
10989,37.46
10990,37.41
10991,37.0
10992,34.34
10993,33.01
10994,33.36
10995,33.66
10996,33.7
10997,34.0
10998,34.37
10999,34.31
11000,31.84
11001,31.34
11002,31.18
11003,30.96
11004,31.43
11005,32.08
11006,31.36
11007,30.97
11008,30.55
11009,30.72
11010,30.34
11011,30.22
11012,29.17
11013,28.66
11014,28.71
11015,28.84
11016,28.29
11017,28.35
11018,28.03
11019,27.55
11020,27.54
11021,27.15
11022,26.44
11023,26.45
11024,26.53
11025,25.42
11026,25.56
11027,25.6
11028,25.77
11029,26.01
11030,26.13
11031,26.65
11032,27.93
11033,28.53
11034,28.17
11035,28.02
11036,27.61
11037,27.64
11038,28.01
11039,28.03
11040,27.85
11041,28.47
11042,28.35
11043,28.57
11044,28.22
11045,28.17
11046,28.55
11047,28.33
11048,28.01
11049,28.26
11050,28.28
11051,28.58
11052,29.33
11053,29.59
11054,30.33
11055,30.27
11056,30.69
11057,30.7
11058,30.92
11059,30.31
11060,30.47
11061,30.48
11062,30.96
11063,30.81
11064,30.96
11065,31.21
11066,30.97
11067,30.61
11068,30.38
11069,29.37
11070,29.01
11071,28.87
11072,28.92
11073,29.39
11074,29.26
11075,29.33
11076,29.09
11077,28.93
11078,29.6
11079,29.42
11080,29.41
11081,28.88
11082,28.41
11083,27.4
11084,27.21
11085,27.56
11086,28.01
11087,28.34
11088,28.88
11089,28.68
11090,29.15
11091,29.16
11092,29.23
11093,29.61
11094,29.47
11095,29.42
11096,29.37
11097,29.68
11098,29.82
11099,29.8
11100,30.32
11101,30.64
11102,31.04
11103,31.05
11104,30.75
11105,29.99
11106,30.51
11107,30.49
11108,30.49
11109,32.44
11110,32.73
11111,32.94
11112,32.7
11113,32.84
11114,32.74
11115,33.01
11116,33.43
11117,33.04
11118,33.09
11119,33.18
11120,33.53
11121,33.38
11122,33.04
11123,32.96
11124,33.04
11125,32.79
11126,32.83
11127,33.03
11128,33.19
11129,32.91
11130,32.63
11131,32.5
11132,31.99
11133,32.35
11134,32.52
11135,32.85
11136,34.39
11137,34.34
11138,34.02
11139,33.77
11140,33.52
11141,32.85
11142,32.85
11143,32.99
11144,33.17
11145,33.88
11146,33.94
11147,33.81
11148,34.2
11149,33.72
11150,33.92
11151,33.81
11152,32.69
11153,32.7
11154,31.97
11155,32.1
11156,32.62
11157,32.71
11158,32.97
11159,33.43
11160,34.79
11161,35.26
11162,34.75
11163,34.69
11164,34.74
11165,35.41
11166,35.44
11167,35.47
11168,36.86
11169,37.58
11170,37.7
11171,38.17
11172,38.0
11173,37.73
11174,37.99
11175,38.05
11176,38.28
11177,37.81
11178,37.12
11179,37.17
11180,37.3
11181,37.6
11182,38.28
11183,39.0
11184,38.92
11185,38.66
11186,38.5
11187,37.31
11188,36.82
11189,36.89
11190,36.22
11191,36.02
11192,37.06
11193,36.75
11194,37.69
11195,37.03
11196,37.33
11197,36.62
11198,35.92
11199,36.47
11200,35.87
11201,35.7
11202,35.7
11203,36.37
11204,36.45
11205,36.64
11206,36.4
11207,36.96
11208,36.92
11209,34.99
11210,35.34
11211,35.17
11212,35.39
11213,35.19
11214,35.17
11215,34.8
11216,34.4
11217,34.42
11218,34.38
11219,34.29
11220,33.97
11221,34.43
11222,34.74
11223,34.76
11224,34.68
11225,34.72
11226,34.57
11227,34.56
11228,35.43
11229,35.75
11230,36.59
11231,36.33
11232,36.04
11233,35.66
11234,35.7
11235,35.37
11236,35.14
11237,35.19
11238,35.15
11239,35.29
11240,35.19
11241,35.58
11242,35.49
11243,35.22
11244,35.11
11245,34.39
11246,34.35
11247,34.6
11248,34.43
11249,34.45
11250,34.48
11251,34.65
11252,35.02
11253,34.77
11254,34.79
11255,35.22
11256,34.58
11257,35.63
11258,35.09
11259,34.96
11260,33.78
11261,33.54
11262,33.78
11263,33.6
11264,33.6
11265,33.59
11266,34.41
11267,34.41
11268,33.04
11269,32.96
11270,32.85
11271,32.81
11272,33.01
11273,32.81
11274,33.44
11275,33.79
11276,33.39
11277,33.69
11278,34.26
11279,34.22
11280,34.11
11281,34.23
11282,33.95
11283,33.47
11284,34.24
11285,34.13
11286,33.89
11287,34.61
11288,34.52
11289,34.81
11290,35.2
11291,35.31
11292,34.58
11293,34.41
11294,33.43
11295,33.66
11296,33.55
11297,33.57
11298,33.65
11299,33.05
11300,33.18
11301,33.48
11302,33.32
11303,32.63
11304,32.38
11305,32.76
11306,32.34
11307,32.48
11308,32.83
11309,32.59
11310,31.91
11311,32.01
11312,32.87
11313,33.31
11314,34.0
11315,34.08
11316,35.18
11317,35.93
11318,36.69
11319,36.72
11320,36.78
11321,36.87
11322,36.93
11323,37.19
11324,38.11
11325,38.23
11326,38.86
11327,39.8
11328,39.16
11329,38.86
11330,38.13
11331,39.04
11332,39.29
11333,40.13
11334,40.54
11335,40.8
11336,39.84
11337,39.8
11338,39.48
11339,39.68
11340,39.71
11341,43.62
11342,43.92
11343,44.06
11344,44.02
11345,44.2
11346,44.38
11347,45.37
11348,45.5
11349,46.22
11350,47.44
11351,48.28
11352,48.71
11353,48.99
11354,48.91
11355,48.54
11356,48.21
11357,47.29
11358,48.4
11359,48.29
11360,48.11
11361,47.91
11362,47.87
11363,47.82
11364,48.28
11365,47.2
11366,46.38
11367,46.42
11368,46.46
11369,45.96
11370,46.06
11371,45.78
11372,45.65
11373,46.28
11374,45.9
11375,45.52
11376,45.74
11377,45.68
11378,45.35
11379,45.45
11380,45.66
11381,45.27
11382,45.32
11383,46.65
11384,45.97
11385,46.49
11386,48.25
11387,47.82
11388,49.47
11389,49.01
11390,48.68
11391,48.94
11392,48.65
11393,48.6
11394,48.41
11395,48.29
11396,48.52
11397,48.49
11398,48.8
11399,48.95
11400,48.92
11401,48.45
11402,48.69
11403,48.91
11404,49.5
11405,49.01
11406,49.23
11407,48.66
11408,48.33
11409,48.86
11410,48.91
11411,48.78
11412,47.98
11413,48.44
11414,48.75
11415,49.46
11416,48.53
11417,48.35
11418,47.67
11419,47.8
11420,48.2
11421,47.49
11422,47.07
11423,46.78
11424,46.3
11425,46.14
11426,45.7
11427,44.54
11428,43.95
11429,44.01
11430,44.13
11431,43.43
11432,43.01
11433,41.96
11434,41.29
11435,41.14
11436,40.64
11437,40.54
11438,40.6
11439,40.19
11440,40.16
11441,35.94
11442,35.99
11443,35.83
11444,36.01
11445,36.04
11446,36.2
11447,35.15
11448,35.23
11449,34.33
11450,32.69
11451,31.76
11452,31.82
11453,31.85
11454,32.2
11455,32.0
11456,31.94
11457,32.79
11458,31.99
11459,31.9
11460,31.71
11461,32.16
11462,31.89
11463,32.26
11464,31.64
11465,31.49
11466,31.33
11467,31.25
11468,31.65
11469,31.51
11470,31.99
11471,32.55
11472,32.8
11473,32.65
11474,33.36
11475,33.21
11476,33.0
11477,32.63
11478,32.68
11479,32.64
11480,32.83
11481,33.18
11482,33.29
11483,32.15
11484,32.09
11485,31.52
11486,30.85
11487,31.31
11488,29.96
11489,30.56
11490,31.08
11491,31.36
11492,31.6
11493,31.61
11494,31.61
11495,31.49
11496,31.04
11497,31.43
11498,30.97
11499,30.85
11500,31.23
11501,31.46
11502,32.5
11503,32.54
11504,32.02
11505,32.34
11506,32.22
11507,33.4
11508,34.02
11509,33.83
11510,33.84
11511,33.81
11512,33.56
11513,32.61
11514,31.66
11515,30.83
11516,30.61
11517,30.7
11518,31.22
11519,31.44
11520,30.99
11521,31.07
11522,31.57
11523,31.76
11524,32.34
11525,32.46
11526,32.47
11527,32.48
11528,32.61
11529,33.47
11530,33.37
11531,33.49
11532,33.18
11533,33.19
11534,33.18
11535,33.07
11536,33.04
11537,33.21
11538,33.56
11539,33.57
11540,33.56
11541,33.79
11542,33.47
11543,33.41
11544,33.33
11545,33.14
11546,32.6
11547,32.68
11548,32.76
11549,33.55
11550,34.03
11551,33.86
11552,33.22
11553,33.53
11554,33.82
11555,33.96
11556,34.97
11557,34.14
11558,34.42
11559,34.46
11560,34.59
11561,34.17
11562,34.05
11563,33.84
11564,33.82
11565,34.34
11566,34.44
11567,34.53
11568,34.08
11569,34.19
11570,34.14
11571,33.92
11572,34.0
11573,33.48
11574,32.62
11575,32.78
11576,33.05
11577,33.17
11578,33.16
11579,33.08
11580,32.69
11581,32.52
11582,31.95
11583,31.77
11584,31.75
11585,31.77
11586,30.65
11587,29.96
11588,29.67
11589,29.16
11590,28.57
11591,27.93
11592,28.03
11593,28.32
11594,28.29
11595,28.46
11596,28.6
11597,28.27
11598,28.54
11599,28.58
11600,28.11
11601,27.96
11602,26.49
11603,26.13
11604,26.12
11605,25.87
11606,25.99
11607,24.7
11608,24.33
11609,24.11
11610,24.06
11611,24.27
11612,24.23
11613,24.32
11614,24.48
11615,24.64
11616,24.64
11617,23.98
11618,24.04
11619,23.77
11620,24.48
11621,24.58
11622,24.03
11623,23.91
11624,22.89
11625,22.75
11626,22.64
11627,22.62
11628,22.61
11629,22.0
11630,22.02
11631,21.51
11632,21.56
11633,21.15
11634,21.71
11635,21.83
11636,21.82
11637,21.81
11638,21.78
11639,21.93
11640,21.97
11641,21.91
11642,21.93
11643,21.92
11644,22.1
11645,22.01
11646,21.9
11647,21.76
11648,21.34
11649,20.83
11650,20.92
11651,20.83
11652,20.57
11653,20.04
11654,19.53
11655,19.42
11656,18.53
11657,18.32
11658,17.83
11659,17.71
11660,17.8
11661,17.89
11662,17.94
11663,17.77
11664,17.65
11665,17.13
11666,17.05
11667,16.97
11668,16.95
11669,16.93
11670,16.47
11671,15.95
11672,15.63
11673,15.72
11674,15.58
11675,15.87
11676,15.55
11677,15.44
11678,15.07
11679,15.08
11680,15.1
11681,14.84
11682,15.09
11683,14.88
11684,14.83
11685,14.79
11686,14.98
11687,14.92
11688,14.89
11689,14.99
11690,15.1
11691,15.14
11692,14.71
11693,14.53
11694,14.5
11695,14.3
11696,14.14
11697,14.35
11698,14.23
11699,14.35
11700,14.43
11701,14.21
11702,14.78
11703,14.95
11704,14.91
11705,15.01
11706,14.94
11707,15.22
11708,14.93
11709,14.97
11710,15.16
11711,15.14
11712,15.12
11713,15.06
11714,15.0
11715,16.03
11716,16.04
11717,16.03
11718,15.64
11719,16.02
11720,15.67
11721,16.46
11722,16.75
11723,16.94
11724,17.53
11725,17.67
11726,17.62
11727,17.62
11728,18.01
11729,18.15
11730,18.32
11731,18.35
11732,18.39
11733,18.54
11734,18.05
11735,18.81
11736,18.82
11737,18.78
11738,19.13
11739,19.06
11740,19.82
11741,20.02
11742,20.83
11743,21.73
11744,21.51
11745,21.78
11746,21.76
11747,22.79
11748,25.29
11749,25.18
11750,24.66
11751,25.18
11752,25.33
11753,25.41
11754,26.58
11755,27.23
11756,27.43
11757,27.4
11758,27.48
11759,27.57
11760,27.42
11761,27.47
11762,27.49
11763,27.59
11764,27.88
11765,27.85
11766,28.43
11767,28.75
11768,28.75
11769,29.06
11770,29.14
11771,29.64
11772,29.85
11773,29.78
11774,29.85
11775,29.7
11776,30.08
11777,30.27
11778,31.0
11779,31.18
11780,31.12
11781,31.36
11782,31.16
11783,31.63
11784,31.87
11785,32.03
11786,32.15
11787,32.66
11788,32.98
11789,32.88
11790,34.48
11791,34.7
11792,34.73
11793,35.42
11794,35.91
11795,37.28
11796,37.36
11797,37.27
11798,37.37
11799,37.28
11800,37.41
11801,37.52
11802,37.62
11803,37.45
11804,37.77
11805,38.0
11806,37.86
11807,38.18
11808,38.17
11809,38.01
11810,38.72
11811,38.94
11812,38.93
11813,39.04
11814,39.23
11815,38.13
11816,38.49
11817,38.6
11818,38.61
11819,39.17
11820,39.15
11821,38.15
11822,38.03
11823,38.44
11824,38.38
11825,38.76
11826,38.94
11827,38.89
11828,39.28
11829,39.28
11830,40.01
11831,40.22
11832,40.59
11833,40.64
11834,40.73
11835,40.13
11836,40.13
11837,41.75
11838,41.04
11839,40.98
11840,40.19
11841,40.51
11842,39.72
11843,38.7
11844,39.41
11845,39.78
11846,40.17
11847,39.41
11848,36.97
11849,36.84
11850,36.8
11851,36.5
11852,37.12
11853,37.07
11854,35.87
11855,35.37
11856,35.56
11857,35.53
11858,35.67
11859,35.72
11860,35.74
11861,35.52
11862,35.77
11863,35.82
11864,35.64
11865,35.76
11866,35.32
11867,35.07
11868,35.94
11869,35.55
11870,35.64
11871,35.71
11872,35.8
11873,35.92
11874,36.02
11875,35.76
11876,35.69
11877,36.37
11878,36.03
11879,35.79
11880,36.29
11881,36.03
11882,36.54
11883,36.45
11884,36.24
11885,36.83
11886,36.48
11887,36.41
11888,36.2
11889,36.63
11890,34.88
11891,34.75
11892,36.66
11893,36.02
11894,36.03
11895,34.79
11896,35.06
11897,34.86
11898,34.81
11899,35.06
11900,36.25
11901,36.66
11902,36.52
11903,36.79
11904,36.84
11905,36.59
11906,36.6
11907,36.5
11908,36.57
11909,36.66
11910,36.21
11911,36.21
11912,36.31
11913,37.51
11914,37.4
11915,37.59
11916,37.81
11917,38.09
11918,37.75
11919,37.31
11920,37.05
11921,37.14
11922,37.09
11923,37.51
11924,37.17
11925,37.15
11926,37.49
11927,37.45
11928,37.01
11929,36.55
11930,35.63
11931,35.55
11932,37.68
11933,37.95
11934,38.79
11935,38.51
11936,38.57
11937,36.82
11938,36.93
11939,37.42
11940,37.44
11941,38.23
11942,38.39
11943,40.29
11944,39.52
11945,38.83
11946,39.97
11947,39.84
11948,39.71
11949,39.73
11950,39.79
11951,40.58
11952,40.62
11953,40.47
11954,41.18
11955,41.1
11956,40.91
11957,41.05
11958,41.19
11959,42.61
11960,42.83
11961,43.12
11962,42.78
11963,42.84
11964,42.83
11965,43.01
11966,43.2
11967,43.51
11968,43.35
11969,43.57
11970,43.96
11971,44.62
11972,44.76
11973,44.86
11974,44.85
11975,45.43
11976,45.15
11977,44.49
11978,44.59
11979,45.17
11980,44.68
11981,45.12
11982,44.75
11983,45.3
11984,45.28
11985,45.0
11986,45.17
11987,45.02
11988,45.08
11989,44.79
11990,44.77
11991,44.79
11992,43.11
11993,43.0
11994,42.63
11995,42.6
11996,42.28
11997,42.48
11998,42.33
11999,41.97
12000,40.61
12001,40.23
12002,39.89
12003,39.93
12004,39.98
12005,40.12
12006,40.35
12007,40.57
12008,40.78
12009,43.12
12010,42.7
12011,42.72
12012,42.74
12013,42.45
12014,42.57
12015,42.38
12016,42.25
12017,42.01
12018,42.25
12019,41.93
12020,42.11
12021,42.17
12022,42.92
12023,41.83
12024,41.75
12025,41.51
12026,41.18
12027,41.32
12028,41.02
12029,41.52
12030,41.4
12031,41.38
12032,39.44
12033,39.58
12034,38.56
12035,39.01
12036,39.48
12037,39.81
12038,40.01
12039,40.13
12040,40.08
12041,38.89
12042,38.89
12043,37.26
12044,37.64
12045,37.78
12046,36.23
12047,36.36
12048,36.97
12049,37.11
12050,37.08
12051,36.13
12052,35.6
12053,36.36
12054,35.56
12055,35.48
12056,35.29
12057,36.97
12058,36.77
12059,35.24
12060,34.99
12061,36.2
12062,36.77
12063,36.53
12064,37.18
12065,38.41
12066,38.38
12067,37.99
12068,37.37
12069,37.36
12070,36.96
12071,36.57
12072,36.29
12073,36.05
12074,36.28
12075,36.01
12076,36.53
12077,36.97
12078,37.15
12079,36.56
12080,36.84
12081,36.43
12082,36.75
12083,36.25
12084,36.82
12085,37.22
12086,37.33
12087,37.81
12088,37.9
12089,37.93
12090,37.93
12091,38.06
12092,37.93
12093,37.96
12094,37.79
12095,37.74
12096,37.72
12097,37.71
12098,37.76
12099,37.78
12100,37.72
12101,38.64
12102,38.48
12103,39.06
12104,39.44
12105,39.43
12106,39.32
12107,38.87
12108,38.82
12109,36.55
12110,37.17
12111,37.23
12112,37.11
12113,36.22
12114,36.16
12115,36.18
12116,36.13
12117,35.99
12118,36.11
12119,35.84
12120,35.99
12121,35.94
12122,35.38
12123,36.25
12124,37.57
12125,38.5
12126,38.23
12127,38.59
12128,39.33
12129,38.89
12130,39.0
12131,39.01
12132,38.56
12133,38.92
12134,39.13
12135,39.01
12136,38.73
12137,39.24
12138,38.94
12139,38.28
12140,38.39
12141,38.69
12142,39.0
12143,39.63
12144,39.58
12145,39.59
12146,39.88
12147,39.48
12148,39.37
12149,40.03
12150,40.2
12151,40.17
12152,39.88
12153,39.28
12154,39.64
12155,39.97
12156,41.84
12157,40.11
12158,40.63
12159,40.71
12160,40.71
12161,40.65
12162,40.3
12163,41.06
12164,41.55
12165,40.21
12166,39.9
12167,39.9
12168,40.2
12169,40.83
12170,41.33
12171,41.25
12172,41.28
12173,42.07
12174,42.52
12175,43.44
12176,43.07
12177,42.61
12178,42.49
12179,42.46
12180,42.37
12181,42.88
12182,42.72
12183,42.24
12184,41.92
12185,41.83
12186,41.61
12187,40.91
12188,40.83
12189,40.87
12190,41.12
12191,41.88
12192,42.61
12193,42.63
12194,45.27
12195,45.86
12196,46.0
12197,45.94
12198,46.01
12199,46.47
12200,46.76
12201,45.72
12202,46.05
12203,46.61
12204,45.89
12205,46.89
12206,47.69
12207,47.59
12208,49.16
12209,49.06
12210,51.09
12211,51.18
12212,51.65
12213,51.64
12214,51.51
12215,51.69
12216,51.6
12217,51.66
12218,51.84
12219,51.84
12220,52.47
12221,52.45
12222,53.24
12223,53.29
12224,51.99
12225,51.3
12226,51.61
12227,51.31
12228,50.45
12229,51.45
12230,52.24
12231,52.46
12232,52.47
12233,51.76
12234,51.71
12235,51.52
12236,51.63
12237,51.1
12238,51.11
12239,51.74
12240,52.12
12241,51.7
12242,51.43
12243,50.98
12244,51.7
12245,51.67
12246,51.68
12247,52.37
12248,51.96
12249,51.28
12250,51.19
12251,51.58
12252,51.89
12253,52.0
12254,51.78
12255,51.39
12256,49.46
12257,49.44
12258,49.04
12259,49.21
12260,49.17
12261,47.91
12262,47.8
12263,47.04
12264,45.93
12265,45.78
12266,46.22
12267,46.21
12268,45.83
12269,45.82
12270,45.76
12271,45.17
12272,45.46
12273,44.82
12274,43.89
12275,42.84
12276,43.38
12277,43.38
12278,43.15
12279,43.61
12280,43.51
12281,44.23
12282,44.52
12283,44.66
12284,44.55
12285,44.93
12286,45.57
12287,45.61
12288,45.46
12289,45.22
12290,45.35
12291,44.55
12292,43.78
12293,43.67
12294,41.41
12295,40.99
12296,41.13
12297,41.26
12298,41.09
12299,40.59
12300,40.62
12301,41.08
12302,40.85
12303,39.92
12304,39.88
12305,38.66
12306,38.09
12307,38.36
12308,36.63
12309,36.62
12310,34.91
12311,34.44
12312,34.08
12313,33.94
12314,35.92
12315,35.94
12316,35.77
12317,35.71
12318,35.73
12319,36.03
12320,35.12
12321,34.99
12322,34.17
12323,33.26
12324,34.25
12325,33.87
12326,33.71
12327,34.16
12328,34.16
12329,33.79
12330,32.86
12331,33.26
12332,33.48
12333,33.47
12334,33.4
12335,33.47
12336,33.61
12337,33.55
12338,33.5
12339,33.08
12340,33.78
12341,33.88
12342,34.2
12343,34.53
12344,33.55
12345,33.68
12346,33.45
12347,32.78
12348,32.73
12349,32.55
12350,32.89
12351,32.78
12352,33.78
12353,33.74
12354,34.94
12355,35.33
12356,35.48
12357,35.79
12358,36.33
12359,36.49
12360,36.73
12361,36.8
12362,37.02
12363,37.71
12364,38.06
12365,38.62
12366,38.46
12367,38.7
12368,38.79
12369,38.65
12370,38.04
12371,38.67
12372,38.81
12373,38.94
12374,39.21
12375,39.41
12376,39.05
12377,39.65
12378,40.59
12379,40.19
12380,40.52
12381,39.71
12382,39.38
12383,40.63
12384,40.53
12385,39.44
12386,39.44
12387,39.71
12388,40.54
12389,41.41
12390,41.08
12391,41.36
12392,41.59
12393,41.88
12394,42.18
12395,42.7
12396,43.34
12397,43.74
12398,43.78
12399,44.56
12400,44.3
12401,44.05
12402,44.13
12403,43.81
12404,44.3
12405,44.84
12406,44.52
12407,44.16
12408,44.63
12409,44.78
12410,44.91
12411,44.9
12412,44.78
12413,45.2
12414,43.34
12415,44.14
12416,44.04
12417,44.4
12418,43.98
12419,43.84
12420,43.99
12421,44.11
12422,43.84
12423,44.51
12424,43.24
12425,43.18
12426,43.76
12427,43.15
12428,43.18
12429,42.5
12430,42.55
12431,42.09
12432,41.69
12433,41.42
12434,41.63
12435,41.44
12436,41.16
12437,41.08
12438,41.23
12439,41.07
12440,40.0
12441,39.8
12442,39.32
12443,39.05
12444,39.6
12445,39.47
12446,39.55
12447,39.89
12448,40.18
12449,40.2
12450,40.07
12451,40.24
12452,39.31
12453,39.18
12454,38.54
12455,38.16
12456,38.25
12457,38.2
12458,37.53
12459,38.72
12460,38.49
12461,38.87
12462,38.9
12463,38.31
12464,38.31
12465,37.72
12466,38.66
12467,39.09
12468,41.25
12469,40.92
12470,41.8
12471,41.27
12472,40.62
12473,40.68
12474,40.45
12475,40.0
12476,39.72
12477,39.07
12478,37.83
12479,37.94
12480,37.61
12481,37.44
12482,37.43
12483,37.53
12484,37.87
12485,37.79
12486,37.61
12487,37.34
12488,36.85
12489,36.01
12490,36.34
12491,36.74
12492,36.54
12493,36.33
12494,35.82
12495,35.22
12496,34.58
12497,34.08
12498,34.2
12499,34.79
12500,35.01
12501,35.05
12502,34.86
12503,35.26
12504,35.98
12505,35.61
12506,35.6
12507,35.54
12508,35.16
12509,35.35
12510,34.25
12511,34.51
12512,35.08
12513,34.67
12514,34.57
12515,34.53
12516,34.54
12517,34.23
12518,34.46
12519,34.79
12520,34.98
12521,35.25
12522,35.66
12523,35.32
12524,35.44
12525,35.76
12526,35.09
12527,35.22
12528,35.17
12529,35.25
12530,35.21
12531,35.17
12532,35.44
12533,35.44
12534,35.21
12535,35.52
12536,35.98
12537,36.96
12538,37.16
12539,37.12
12540,37.29
12541,37.53
12542,38.04
12543,37.64
12544,37.1
12545,37.05
12546,37.1
12547,36.75
12548,36.43
12549,36.42
12550,36.05
12551,35.68
12552,35.86
12553,36.34
12554,35.89
12555,35.97
12556,35.71
12557,35.54
12558,35.55
12559,33.86
12560,34.62
12561,34.52
12562,34.18
12563,34.22
12564,34.1
12565,34.13
12566,33.56
12567,33.26
12568,31.0
12569,30.73
12570,29.97
12571,30.35
12572,30.55
12573,31.14
12574,30.99
12575,31.73
12576,31.67
12577,31.61
12578,31.82
12579,32.03
12580,32.17
12581,32.32
12582,32.18
12583,30.71
12584,30.31
12585,30.79
12586,30.59
12587,30.8
12588,31.7
12589,32.13
12590,31.8
12591,31.02
12592,30.9
12593,30.87
12594,30.74
12595,30.62
12596,30.59
12597,30.51
12598,30.51
12599,29.31
12600,29.43
12601,29.75
12602,30.08
12603,29.66
12604,28.62
12605,28.45
12606,29.27
12607,29.66
12608,29.55
12609,29.61
12610,29.96
12611,29.63
12612,29.06
12613,29.05
12614,29.43
12615,28.77
12616,28.71
12617,28.75
12618,28.86
12619,28.54
12620,28.32
12621,28.15
12622,27.99
12623,27.83
12624,27.89
12625,28.79
12626,28.81
12627,29.19
12628,29.26
12629,29.24
12630,29.5
12631,29.21
12632,29.55
12633,29.7
12634,29.81
12635,29.92
12636,29.4
12637,28.46
12638,28.23
12639,28.39
12640,30.17
12641,29.89
12642,29.59
12643,30.44
12644,30.9
12645,30.79
12646,30.94
12647,31.38
12648,31.36
12649,31.83
12650,31.9
12651,33.03
12652,32.49
12653,32.99
12654,32.91
12655,32.92
12656,33.57
12657,33.59
12658,33.96
12659,34.28
12660,33.72
12661,33.21
12662,33.43
12663,33.39
12664,33.35
12665,33.44
12666,32.82
12667,32.44
12668,32.96
12669,32.89
12670,33.15
12671,33.53
12672,33.39
12673,32.72
12674,32.87
12675,32.18
12676,32.28
12677,32.7
12678,33.66
12679,33.68
12680,33.7
12681,33.79
12682,34.66
12683,35.7
12684,35.81
12685,35.62
12686,35.32
12687,35.5
12688,34.38
12689,34.35
12690,36.06
12691,36.35
12692,36.34
12693,36.32
12694,37.33
12695,37.85
12696,38.81
12697,38.75
12698,38.84
12699,39.18
12700,40.77
12701,40.41
12702,39.94
12703,40.29
12704,41.3
12705,41.42
12706,40.79
12707,40.36
12708,40.41
12709,40.4
12710,40.44
12711,40.91
12712,42.16
12713,42.29
12714,41.97
12715,41.58
12716,42.19
12717,42.36
12718,41.9
12719,41.85
12720,41.88
12721,41.75
12722,42.28
12723,42.17
12724,43.1
12725,42.19
12726,42.54
12727,42.45
12728,42.36
12729,42.83
12730,42.72
12731,42.85
12732,42.95
12733,43.0
12734,43.95
12735,44.1
12736,44.04
12737,44.03
12738,44.13
12739,44.82
12740,44.81
12741,45.52
12742,45.74
12743,45.41
12744,44.84
12745,45.49
12746,47.01
12747,47.17
12748,48.28
12749,48.32
12750,48.8
12751,47.58
12752,47.72
12753,46.93
12754,46.76
12755,46.83
12756,47.25
12757,47.86
12758,48.46
12759,48.71
12760,48.65
12761,49.43
12762,49.45
12763,49.77
12764,49.58
12765,49.77
12766,50.15
12767,50.37
12768,50.61
12769,51.61
12770,52.57
12771,52.4
12772,52.59
12773,52.34
12774,53.15
12775,53.12
12776,54.0
12777,53.87
12778,52.95
12779,52.61
12780,52.83
12781,53.19
12782,52.27
12783,51.43
12784,52.12
12785,52.69
12786,53.31
12787,53.11
12788,53.32
12789,53.01
12790,52.1
12791,52.54
12792,52.7
12793,54.02
12794,53.13
12795,52.91
12796,52.25
12797,52.62
12798,52.91
12799,52.5
12800,51.66
12801,51.99
12802,52.75
12803,52.47
12804,51.23
12805,51.07
12806,51.04
12807,51.16
12808,51.62
12809,51.59
12810,51.25
12811,50.86
12812,49.92
12813,50.02
12814,49.97
12815,50.21
12816,50.72
12817,50.66
12818,56.68
12819,57.38
12820,57.2
12821,57.58
12822,58.09
12823,58.88
12824,57.84
12825,59.04
12826,58.81
12827,58.75
12828,58.83
12829,58.31
12830,59.58
12831,60.41
12832,59.82
12833,61.83
12834,61.71
12835,61.9
12836,62.14
12837,62.25
12838,62.01
12839,61.86
12840,60.2
12841,59.43
12842,58.99
12843,58.39
12844,58.46
12845,58.46
12846,57.11
12847,56.97
12848,57.07
12849,57.11
12850,56.57
12851,56.67
12852,56.53
12853,57.4
12854,57.7
12855,58.15
12856,57.11
12857,56.52
12858,55.5
12859,55.26
12860,55.75
12861,55.1
12862,54.93
12863,55.61
12864,56.05
12865,55.98
12866,56.51
12867,56.84
12868,56.2
12869,55.19
12870,53.65
12871,54.69
12872,54.45
12873,55.37
12874,55.07
12875,56.24
12876,55.24
12877,56.34
12878,56.62
12879,56.89
12880,58.27
12881,58.8
12882,58.76
12883,58.63
12884,58.15
12885,58.98
12886,58.57
12887,58.35
12888,58.23
12889,58.04
12890,59.72
12891,59.21
12892,59.02
12893,58.19
12894,60.79
12895,60.93
12896,63.92
12897,63.86
12898,64.46
12899,64.86
12900,64.02
12901,65.02
12902,65.27
12903,65.3
12904,66.46
12905,66.41
12906,66.25
12907,67.41
12908,67.52
12909,67.17
12910,67.46
12911,67.43
12912,67.37
12913,67.51
12914,67.36
12915,68.36
12916,67.34
12917,67.25
12918,61.35
12919,60.6
12920,61.13
12921,61.68
12922,61.33
12923,60.63
12924,61.5
12925,60.13
12926,59.92
12927,60.47
12928,60.97
12929,61.15
12930,60.14
12931,59.57
12932,60.61
12933,58.99
12934,58.37
12935,57.62
12936,57.68
12937,57.74
12938,57.68
12939,57.93
12940,57.79
12941,57.81
12942,57.99
12943,58.09
12944,59.02
12945,59.14
12946,58.8
12947,59.02
12948,57.99
12949,58.54
12950,58.69
12951,58.83
12952,59.96
12953,60.07
12954,60.21
12955,60.0
12956,60.11
12957,60.85
12958,61.05
12959,61.03
12960,60.56
12961,60.87
12962,60.78
12963,59.95
12964,59.49
12965,59.3
12966,58.35
12967,58.99
12968,59.07
12969,59.32
12970,59.61
12971,58.64
12972,58.75
12973,58.7
12974,58.18
12975,57.66
12976,57.73
12977,56.46
12978,55.95
12979,55.63
12980,54.87
12981,53.98
12982,53.98
12983,53.97
12984,53.81
12985,52.4
12986,52.25
12987,52.25
12988,53.16
12989,53.53
12990,52.12
12991,51.87
12992,52.09
12993,51.67
12994,49.16
12995,49.11
12996,45.9
12997,45.62
12998,44.92
12999,44.64
13000,44.73
13001,43.2
13002,42.32
13003,42.63
13004,41.48
13005,41.86
13006,41.88
13007,40.57
13008,40.4
13009,40.35
13010,40.11
13011,40.15
13012,40.46
13013,40.16
13014,40.64
13015,40.58
13016,40.48
13017,42.27
13018,42.37
13019,42.55
13020,41.92
13021,40.96
13022,40.78
13023,41.62
13024,40.85
13025,41.06
13026,41.52
13027,40.75
13028,40.22
13029,40.49
13030,40.16
13031,40.6
13032,39.81
13033,39.3
13034,39.22
13035,39.84
13036,39.45
13037,39.11
13038,39.09
13039,38.17
13040,38.69
13041,38.63
13042,38.71
13043,38.68
13044,38.1
13045,37.46
13046,37.69
13047,37.07
13048,37.09
13049,36.72
13050,36.96
13051,36.7
13052,36.39
13053,35.51
13054,36.32
13055,36.38
13056,36.84
13057,36.34
13058,36.15
13059,35.98
13060,36.36
13061,36.01
13062,36.16
13063,35.93
13064,36.22
13065,36.46
13066,36.74
13067,35.51
13068,35.49
13069,35.67
13070,35.91
13071,35.72
13072,35.58
13073,35.02
13074,34.84
13075,34.49
13076,34.89
13077,35.27
13078,36.0
13079,36.09
13080,34.99
13081,34.62
13082,35.03
13083,35.11
13084,37.56
13085,37.94
13086,37.88
13087,38.19
13088,37.27
13089,37.3
13090,36.63
13091,36.56
13092,36.46
13093,36.68
13094,38.14
13095,37.94
13096,38.58
13097,38.77
13098,39.13
13099,39.56
13100,39.8
13101,39.96
13102,40.03
13103,40.5
13104,42.49
13105,42.21
13106,42.4
13107,44.12
13108,44.7
13109,45.45
13110,47.09
13111,47.95
13112,47.51
13113,47.66
13114,47.49
13115,46.49
13116,46.54
13117,45.0
13118,44.83
13119,44.8
13120,45.11
13121,45.14
13122,45.29
13123,44.68
13124,44.62
13125,44.36
13126,44.73
13127,45.58
13128,45.71
13129,45.41
13130,45.39
13131,45.6
13132,45.34
13133,45.33
13134,45.01
13135,44.56
13136,45.27
13137,45.52
13138,46.02
13139,46.45
13140,45.83
13141,46.25
13142,45.9
13143,45.77
13144,45.79
13145,47.17
13146,46.82
13147,46.95
13148,46.98
13149,46.36
13150,47.14
13151,47.27
13152,46.5
13153,46.4
13154,45.34
13155,45.09
13156,44.49
13157,44.03
13158,44.27
13159,44.37
13160,43.97
13161,44.5
13162,44.67
13163,44.83
13164,44.73
13165,44.72
13166,44.54
13167,44.56
13168,44.55
13169,44.08
13170,43.55
13171,42.9
13172,43.27
13173,43.03
13174,43.11
13175,42.9
13176,42.43
13177,42.17
13178,42.33
13179,42.68
13180,42.85
13181,42.7
13182,42.64
13183,43.3
13184,40.81
13185,40.27
13186,40.35
13187,40.5
13188,40.43
13189,40.22
13190,40.41
13191,40.48
13192,40.39
13193,40.16
13194,38.64
13195,38.4
13196,37.49
13197,37.32
13198,36.68
13199,36.51
13200,35.92
13201,35.74
13202,35.77
13203,34.98
13204,33.1
13205,33.18
13206,33.3
13207,31.8
13208,30.81
13209,30.18
13210,29.03
13211,28.53
13212,28.48
13213,28.6
13214,28.32
13215,29.06
13216,30.73
13217,30.38
13218,31.42
13219,31.52
13220,31.53
13221,32.89
13222,32.14
13223,33.13
13224,34.64
13225,34.77
13226,34.16
13227,33.62
13228,33.57
13229,34.99
13230,35.29
13231,34.52
13232,34.63
13233,35.49
13234,35.65
13235,35.69
13236,36.24
13237,36.31
13238,36.13
13239,36.54
13240,36.43
13241,36.25
13242,36.92
13243,37.07
13244,36.68
13245,35.22
13246,35.26
13247,36.47
13248,37.98
13249,38.1
13250,37.96
13251,38.88
13252,39.69
13253,39.56
13254,39.95
13255,39.95
13256,40.23
13257,41.89
13258,42.05
13259,42.13
13260,43.63
13261,43.61
13262,43.93
13263,44.66
13264,46.27
13265,47.43
13266,49.97
13267,50.16
13268,50.21
13269,50.63
13270,50.78
13271,50.66
13272,50.78
13273,51.37
13274,51.72
13275,51.66
13276,52.42
13277,52.64
13278,51.65
13279,51.81
13280,52.92
13281,53.0
13282,53.94
13283,53.09
13284,53.23
13285,53.64
13286,53.64
13287,53.22
13288,53.13
13289,53.84
13290,54.2
13291,54.24
13292,54.59
13293,54.74
13294,54.64
13295,54.73
13296,55.43
13297,55.4
13298,55.26
13299,54.95
13300,55.05
13301,55.07
13302,54.99
13303,54.79
13304,55.42
13305,55.47
13306,55.76
13307,56.91
13308,57.31
13309,58.2
13310,59.87
13311,59.56
13312,60.17
13313,60.08
13314,60.27
13315,60.12
13316,59.0
13317,58.98
13318,58.3
13319,58.61
13320,61.41
13321,61.17
13322,61.19
13323,59.8
13324,59.44
13325,59.44
13326,59.39
13327,59.26
13328,59.73
13329,58.16
13330,57.87
13331,57.85
13332,58.32
13333,57.7
13334,58.13
13335,58.2
13336,57.0
13337,56.85
13338,56.79
13339,56.72
13340,56.76
13341,56.94
13342,56.35
13343,56.54
13344,57.26
13345,58.92
13346,58.85
13347,57.59
13348,56.25
13349,56.02
13350,55.35
13351,54.32
13352,54.18
13353,54.85
13354,54.41
13355,54.36
13356,54.09
13357,52.85
13358,52.82
13359,52.7
13360,51.07
13361,50.75
13362,50.17
13363,49.79
13364,48.03
13365,46.67
13366,44.07
13367,44.07
13368,43.93
13369,43.81
13370,44.08
13371,44.59
13372,44.12
13373,43.67
13374,43.74
13375,43.91
13376,43.21
13377,42.85
13378,42.9
13379,42.65
13380,41.35
13381,41.71
13382,40.41
13383,42.34
13384,42.09
13385,41.68
13386,42.03
13387,42.86
13388,43.52
13389,42.58
13390,41.6
13391,41.64
13392,41.8
13393,42.61
13394,42.8
13395,44.31
13396,43.54
13397,44.12
13398,44.3
13399,44.19
13400,44.0
13401,44.98
13402,45.0
13403,45.01
13404,44.33
13405,45.3
13406,45.13
13407,43.86
13408,43.52
13409,43.12
13410,41.01
13411,40.97
13412,40.58
13413,42.92
13414,43.12
13415,43.75
13416,44.0
13417,44.67
13418,45.0
13419,44.42
13420,42.38
13421,42.56
13422,42.53
13423,42.6
13424,42.36
13425,42.88
13426,42.82
13427,43.17
13428,42.85
13429,43.41
13430,43.67
13431,44.02
13432,43.51
13433,44.47
13434,44.68
13435,44.57
13436,44.73
13437,44.98
13438,45.15
13439,44.79
13440,45.71
13441,47.09
13442,47.22
13443,47.36
13444,46.91
13445,45.2
13446,46.35
13447,47.5
13448,49.35
13449,49.71
13450,49.34
13451,49.36
13452,49.46
13453,49.97
13454,50.15
13455,50.51
13456,50.43
13457,50.03
13458,52.21
13459,52.56
13460,53.76
13461,54.36
13462,54.3
13463,54.17
13464,54.59
13465,54.83
13466,55.23
13467,55.09
13468,55.42
13469,55.17
13470,55.1
13471,55.91
13472,56.79
13473,57.87
13474,57.74
13475,59.35
13476,60.04
13477,60.03
13478,60.56
13479,60.25
13480,60.83
13481,61.26
13482,61.44
13483,59.7
13484,60.32
13485,60.67
13486,60.25
13487,59.6
13488,58.92
13489,59.78
13490,59.83
13491,60.0
13492,59.5
13493,58.72
13494,58.94
13495,57.36
13496,57.5
13497,56.94
13498,56.89
13499,56.89
13500,57.68
13501,56.78
13502,57.54
13503,57.9
13504,57.92
13505,57.17
13506,56.83
13507,58.17
13508,58.08
13509,57.78
13510,57.65
13511,57.88
13512,57.8
13513,55.28
13514,55.15
13515,53.86
13516,53.13
13517,52.84
13518,52.72
13519,53.05
13520,51.98
13521,51.02
13522,51.27
13523,51.27
13524,50.38
13525,49.65
13526,50.46
13527,49.85
13528,49.68
13529,49.2
13530,48.98
13531,48.65
13532,48.55
13533,47.67
13534,46.94
13535,47.52
13536,47.77
13537,47.4
13538,47.44
13539,47.04
13540,46.03
13541,44.99
13542,44.74
13543,44.75
13544,45.42
13545,46.04
13546,45.92
13547,44.71
13548,43.0
13549,42.63
13550,43.7
13551,44.18
13552,43.62
13553,43.16
13554,43.84
13555,44.39
13556,45.13
13557,45.2
13558,43.61
13559,43.21
13560,42.1
13561,43.48
13562,43.77
13563,43.96
13564,43.66
13565,44.17
13566,44.18
13567,44.25
13568,45.15
13569,45.1
13570,45.45
13571,44.38
13572,43.63
13573,42.82
13574,43.26
13575,41.73
13576,41.31
13577,41.29
13578,41.66
13579,41.87
13580,42.79
13581,41.98
13582,42.59
13583,43.23
13584,42.75
13585,43.52
13586,43.47
13587,43.3
13588,44.88
13589,44.73
13590,44.64
13591,44.42
13592,44.65
13593,44.64
13594,44.42
13595,44.44
13596,44.72
13597,44.73
13598,44.69
13599,44.64
13600,44.35
13601,45.21
13602,44.38
13603,44.14
13604,44.36
13605,44.23
13606,44.6
13607,43.57
13608,43.55
13609,43.22
13610,43.29
13611,43.17
13612,43.8
13613,44.32
13614,44.08
13615,44.42
13616,45.83
13617,45.65
13618,45.27
13619,45.23
13620,45.8
13621,45.61
13622,45.87
13623,45.81
13624,46.74
13625,46.8
13626,46.51
13627,46.7
13628,46.64
13629,47.43
13630,47.39
13631,48.1
13632,48.25
13633,48.82
13634,48.9
13635,49.03
13636,48.95
13637,50.03
13638,49.65
13639,49.65
13640,49.93
13641,49.22
13642,49.22
13643,49.06
13644,48.47
13645,49.57
13646,48.48
13647,50.67
13648,51.1
13649,54.68
13650,53.66
13651,53.37
13652,53.16
13653,52.58
13654,51.66
13655,50.64
13656,50.11
13657,50.73
13658,49.6
13659,49.67
13660,49.78
13661,47.56
13662,47.62
13663,47.02
13664,46.81
13665,47.1
13666,46.7
13667,46.88
13668,45.8
13669,47.08
13670,46.46
13671,47.81
13672,47.69
13673,48.39
13674,48.02
13675,48.62
13676,48.96
13677,51.9
13678,51.66
13679,52.09
13680,52.36
13681,52.56
13682,51.86
13683,52.66
13684,52.86
13685,51.93
13686,53.6
13687,53.63
13688,52.56
13689,53.49
13690,53.61
13691,54.05
13692,55.35
13693,55.28
13694,55.35
13695,55.94
13696,55.53
13697,55.81
13698,55.85
13699,55.84
13700,55.82
13701,55.16
13702,55.7
13703,57.13
13704,57.84
13705,58.16
13706,57.9
13707,58.13
13708,58.24
13709,58.52
13710,61.65
13711,62.68
13712,62.18
13713,62.21
13714,63.31
13715,63.13
13716,62.06
13717,62.63
13718,62.61
13719,62.6
13720,63.61
13721,63.76
13722,64.21
13723,64.2
13724,63.88
13725,64.05
13726,64.13
13727,63.87
13728,64.64
13729,64.2
13730,64.79
13731,64.03
13732,64.03
13733,63.69
13734,63.66
13735,62.83
13736,63.07
13737,62.0
13738,62.27
13739,62.36
13740,63.05
13741,64.57
13742,64.6
13743,65.46
13744,65.64
13745,63.92
13746,64.08
13747,61.9
13748,61.1
13749,57.83
13750,58.1
13751,58.03
13752,58.02
13753,57.74
13754,58.76
13755,59.12
13756,58.99
13757,58.75
13758,58.8
13759,59.07
13760,58.81
13761,58.88
13762,59.45
13763,59.7
13764,59.68
13765,58.67
13766,58.75
13767,58.86
13768,59.53
13769,58.66
13770,59.19
13771,58.86
13772,59.05
13773,59.49
13774,59.99
13775,60.33
13776,59.82
13777,56.76
13778,56.35
13779,56.52
13780,55.03
13781,55.92
13782,56.54
13783,55.17
13784,55.26
13785,55.0
13786,53.68
13787,53.67
13788,54.15
13789,52.7
13790,52.83
13791,53.12
13792,55.04
13793,54.99
13794,55.32
13795,55.29
13796,56.32
13797,56.06
13798,57.05
13799,57.16
13800,57.69
13801,60.04
13802,60.37
13803,59.0
13804,58.95
13805,58.93
13806,59.31
13807,59.33
13808,59.91
13809,61.11
13810,58.22
13811,57.81
13812,57.72
13813,57.16
13814,56.08
13815,55.86
13816,55.79
13817,55.64
13818,56.35
13819,57.99
13820,56.78
13821,56.61
13822,56.14
13823,56.38
13824,55.67
13825,55.92
13826,56.37
13827,56.55
13828,55.73
13829,55.25
13830,55.02
13831,54.87
13832,54.73
13833,54.13
13834,54.02
13835,54.23
13836,54.36
13837,54.28
13838,54.13
13839,54.43
13840,53.5
13841,51.96
13842,51.98
13843,51.57
13844,51.23
13845,51.69
13846,52.18
13847,52.13
13848,52.29
13849,52.04
13850,54.52
13851,54.36
13852,54.69
13853,54.76
13854,54.22
13855,53.9
13856,53.91
13857,53.68
13858,54.66
13859,54.38
13860,54.38
13861,54.41
13862,53.55
13863,54.5
13864,54.99
13865,56.06
13866,58.13
13867,58.42
13868,58.41
13869,60.36
13870,60.41
13871,61.63
13872,62.36
13873,60.84
13874,60.24
13875,59.36
13876,59.43
13877,59.8
13878,60.4
13879,59.55
13880,59.59
13881,58.94
13882,58.28
13883,58.63
13884,58.23
13885,58.41
13886,58.15
13887,58.03
13888,58.92
13889,60.25
13890,60.24
13891,60.07
13892,56.7
13893,56.76
13894,56.18
13895,56.11
13896,55.7
13897,56.24
13898,55.1
13899,55.27
13900,55.5
13901,52.89
13902,54.48
13903,54.57
13904,53.86
13905,53.21
13906,53.27
13907,52.81
13908,53.23
13909,52.04
13910,52.07
13911,51.98
13912,51.8
13913,51.78
13914,52.05
13915,52.68
13916,53.12
13917,54.47
13918,53.76
13919,52.06
13920,51.71
13921,52.09
13922,51.52
13923,51.64
13924,51.79
13925,51.43
13926,50.42
13927,50.46
13928,51.7
13929,55.57
13930,55.25
13931,56.97
13932,57.83
13933,58.48
13934,59.24
13935,58.99
13936,58.68
13937,59.77
13938,59.81
13939,60.09
13940,60.28
13941,60.56
13942,60.92
13943,60.55
13944,60.69
13945,61.8
13946,62.1
13947,62.82
13948,62.79
13949,62.97
13950,60.35
13951,61.54
13952,61.81
13953,62.11
13954,61.54
13955,61.62
13956,62.34
13957,62.43
13958,61.74
13959,61.7
13960,61.87
13961,61.73
13962,61.73
13963,61.1
13964,61.47
13965,60.97
13966,60.49
13967,62.84
13968,62.3
13969,60.18
13970,61.78
13971,59.67
13972,59.72
13973,59.82
13974,60.21
13975,60.41
13976,60.61
13977,61.58
13978,60.7
13979,61.26
13980,61.81
13981,62.5
13982,63.4
13983,63.56
13984,63.62
13985,63.65
13986,65.44
13987,66.09
13988,64.34
13989,63.09
13990,63.02
13991,62.34
13992,62.34
13993,64.83
13994,65.11
13995,64.65
13996,64.22
13997,63.75
13998,63.9
13999,64.0
14000,63.4
14001,63.39
14002,61.26
14003,61.56
14004,61.51
14005,62.63
14006,62.03
14007,61.92
14008,60.85
14009,61.35
14010,61.59
14011,60.87
14012,62.15
14013,63.57
14014,63.37
14015,63.06
14016,63.85
14017,62.83
14018,63.01
14019,62.78
14020,63.41
14021,62.83
14022,62.92
14023,63.24
14024,63.94
14025,63.77
14026,63.77
14027,64.1
14028,62.99
14029,59.31
14030,60.73
14031,59.8
14032,58.89
14033,58.27
14034,57.6
14035,58.92
14036,58.45
14037,57.86
14038,57.61
14039,56.87
14040,57.48
14041,57.16
14042,57.47
14043,57.13
14044,57.12
14045,55.91
14046,55.25
14047,54.46
14048,55.06
14049,56.28
14050,56.64
14051,55.75
14052,55.13
14053,55.03
14054,56.07
14055,56.09
14056,55.44
14057,55.94
14058,55.58
14059,56.59
14060,56.56
14061,56.71
14062,56.73
14063,56.57
14064,56.03
14065,55.37
14066,53.71
14067,50.89
14068,50.93
14069,50.96
14070,49.08
14071,48.72
14072,48.02
14073,48.95
14074,49.95
14075,49.85
14076,49.84
14077,48.69
14078,48.7
14079,48.67
14080,48.63
14081,47.46
14082,46.94
14083,46.4
14084,46.81
14085,46.69
14086,45.59
14087,47.25
14088,47.28
14089,47.5
14090,47.75
14091,50.11
14092,50.38
14093,49.35
14094,49.34
14095,49.64
14096,50.07
14097,50.21
14098,52.61
14099,53.16
14100,52.98
14101,53.41
14102,53.68
14103,53.88
14104,54.01
14105,54.58
14106,57.46
14107,57.38
14108,57.5
14109,56.81
14110,56.86
14111,57.1
14112,56.17
14113,54.88
14114,55.24
14115,55.29
14116,56.55
14117,55.63
14118,55.66
14119,56.22
14120,55.78
14121,57.19
14122,57.64
14123,57.05
14124,56.69
14125,58.8
14126,58.69
14127,58.84
14128,58.68
14129,58.67
14130,57.24
14131,57.11
14132,57.31
14133,57.75
14134,57.74
14135,56.43
14136,57.49
14137,58.37
14138,58.38
14139,58.88
14140,58.33
14141,58.35
14142,58.09
14143,59.07
14144,59.8
14145,59.92
14146,59.72
14147,59.94
14148,59.8
14149,58.34
14150,57.95
14151,57.77
14152,57.72
14153,57.59
14154,56.68
14155,56.65
14156,56.57
14157,55.77
14158,55.83
14159,54.66
14160,54.53
14161,55.09
14162,55.49
14163,55.19
14164,55.07
14165,55.36
14166,55.34
14167,55.09
14168,54.73
14169,54.57
14170,54.19
14171,54.36
14172,54.14
14173,53.46
14174,51.8
14175,51.41
14176,51.18
14177,51.02
14178,51.29
14179,50.8
14180,50.29
14181,50.32
14182,50.1
14183,50.44
14184,50.05
14185,50.11
14186,49.57
14187,47.69
14188,47.59
14189,47.26
14190,46.88
14191,44.72
14192,44.62
14193,43.08
14194,42.77
14195,42.62
14196,42.21
14197,42.1
14198,39.74
14199,38.92
14200,38.79
14201,38.43
14202,37.74
14203,36.9
14204,36.87
14205,35.26
14206,32.47
14207,32.61
14208,32.86
14209,33.06
14210,33.49
14211,33.55
14212,33.12
14213,33.07
14214,34.31
14215,33.97
14216,31.94
14217,33.75
14218,34.1
14219,33.52
14220,34.29
14221,33.05
14222,32.52
14223,32.78
14224,32.41
14225,30.81
14226,30.97
14227,30.66
14228,30.75
14229,30.89
14230,30.83
14231,30.12
14232,31.87
14233,31.61
14234,32.08
14235,32.16
14236,31.49
14237,30.3
14238,31.03
14239,31.37
14240,31.54
14241,31.83
14242,31.72
14243,31.01
14244,31.13
14245,31.84
14246,31.94
14247,32.04
14248,33.05
14249,33.26
14250,33.41
14251,33.55
14252,33.97
14253,33.9
14254,33.77
14255,33.67
14256,34.27
14257,34.4
14258,34.53
14259,35.87
14260,35.89
14261,35.9
14262,36.09
14263,37.31
14264,37.53
14265,37.33
14266,37.3
14267,37.62
14268,37.66
14269,38.3
14270,38.47
14271,38.4
14272,38.3
14273,38.21
14274,38.31
14275,38.41
14276,38.5
14277,39.88
14278,39.6
14279,39.98
14280,39.81
14281,41.05
14282,40.81
14283,41.04
14284,41.57
14285,42.33
14286,43.3
14287,43.42
14288,44.22
14289,44.18
14290,45.17
14291,45.15
14292,45.4
14293,46.47
14294,47.32
14295,47.29
14296,47.25
14297,47.33
14298,47.37
14299,49.52
14300,49.37
14301,50.2
14302,50.28
14303,51.09
14304,51.02
14305,50.92
14306,51.05
14307,51.14
14308,50.8
14309,50.82
14310,49.8
14311,49.9
14312,50.93
14313,51.21
14314,49.52
14315,50.81
14316,50.0
14317,48.75
14318,48.03
14319,48.26
14320,48.03
14321,48.07
14322,48.27
14323,48.2
14324,49.02
14325,48.51
14326,48.35
14327,48.17
14328,48.2
14329,48.3
14330,48.49
14331,50.62
14332,48.61
14333,49.06
14334,48.71
14335,48.87
14336,48.57
14337,48.45
14338,48.3
14339,47.85
14340,47.55
14341,47.97
14342,48.22
14343,48.35
14344,47.24
14345,46.07
14346,47.69
14347,47.41
14348,45.76
14349,45.94
14350,46.19
14351,46.03
14352,45.69
14353,46.2
14354,46.55
14355,46.85
14356,46.5
14357,47.12
14358,47.98
14359,47.17
14360,47.36
14361,46.99
14362,46.93
14363,46.0
14364,46.08
14365,46.6
14366,48.15
14367,47.83
14368,48.36
14369,47.88
14370,47.84
14371,49.14
14372,49.5
14373,49.23
14374,50.64
14375,50.96
14376,50.69
14377,49.25
14378,50.28
14379,49.86
14380,49.77
14381,48.93
14382,49.24
14383,49.04
14384,48.74
14385,49.63
14386,50.28
14387,50.1
14388,49.79
14389,51.1
14390,50.53
14391,51.1
14392,51.11
14393,50.55
14394,50.06
14395,50.16
14396,50.44
14397,50.31
14398,50.76
14399,49.09
14400,49.16
14401,48.55
14402,48.48
14403,47.74
14404,47.57
14405,47.92
14406,47.8
14407,47.79
14408,48.0
14409,48.13
14410,48.45
14411,48.01
14412,47.27
14413,46.98
14414,47.42
14415,46.32
14416,46.36
14417,45.81
14418,46.45
14419,46.17
14420,45.53
14421,45.54
14422,45.41
14423,45.49
14424,44.98
14425,45.01
14426,45.1
14427,45.12
14428,45.24
14429,45.66
14430,45.42
14431,44.05
14432,45.08
14433,44.81
14434,44.63
14435,44.87
14436,46.16
14437,46.4
14438,46.67
14439,47.15
14440,47.24
14441,46.86
14442,46.92
14443,46.78
14444,47.43
14445,47.97
14446,49.66
14447,50.38
14448,50.38
14449,50.12
14450,49.64
14451,49.73
14452,49.7
14453,50.11
14454,50.38
14455,50.65
14456,50.45
14457,50.42
14458,50.13
14459,49.75
14460,52.88
14461,53.4
14462,54.73
14463,54.32
14464,53.78
14465,53.67
14466,52.91
14467,52.91
14468,52.34
14469,53.39
14470,53.47
14471,52.45
14472,52.1
14473,53.16
14474,51.85
14475,51.39
14476,52.69
14477,52.91
14478,51.91
14479,52.03
14480,52.82
14481,55.37
14482,55.25
14483,55.07
14484,55.25
14485,53.49
14486,51.92
14487,51.49
14488,50.93
14489,49.51
14490,49.16
14491,50.64
14492,50.38
14493,50.59
14494,50.63
14495,50.44
14496,50.46
14497,50.62
14498,51.09
14499,50.69
14500,50.52
14501,50.31
14502,50.61
14503,50.73
14504,50.82
14505,51.02
14506,52.77
14507,52.72
14508,53.11
14509,52.92
14510,52.7
14511,53.49
14512,53.45
14513,53.52
14514,53.5
14515,53.41
14516,53.54
14517,53.53
14518,53.24
14519,53.63
14520,55.18
14521,55.24
14522,55.28
14523,55.76
14524,55.42
14525,55.95
14526,55.99
14527,56.25
14528,56.86
14529,57.05
14530,58.27
14531,57.59
14532,56.68
14533,56.98
14534,56.97
14535,56.72
14536,56.01
14537,56.01
14538,55.68
14539,55.03
14540,55.86
14541,56.59
14542,56.87
14543,56.96
14544,57.45
14545,57.15
14546,53.96
14547,53.56
14548,53.7
14549,53.8
14550,54.2
14551,54.69
14552,55.47
14553,55.02
14554,54.55
14555,55.24
14556,55.64
14557,55.01
14558,54.54
14559,55.12
14560,53.89
14561,53.19
14562,52.31
14563,53.03
14564,53.1
14565,53.2
14566,52.62
14567,53.32
14568,54.33
14569,53.34
14570,54.01
14571,54.75
14572,55.21
14573,54.11
14574,54.84
14575,54.97
14576,54.84
14577,54.9
14578,54.99
14579,55.17
14580,54.35
14581,52.15
14582,52.27
14583,52.14
14584,52.39
14585,52.31
14586,52.07
14587,52.72
14588,52.76
14589,53.19
14590,53.55
14591,51.48
14592,51.6
14593,50.88
14594,50.62
14595,50.69
14596,50.28
14597,50.95
14598,50.08
14599,50.29
14600,51.05
14601,52.03
14602,51.71
14603,51.55
14604,51.44
14605,51.32
14606,49.46
14607,49.27
14608,49.33
14609,49.35
14610,49.73
14611,49.21
14612,49.04
14613,49.0
14614,49.03
14615,48.95
14616,49.03
14617,49.09
14618,48.84
14619,48.95
14620,47.43
14621,48.01
14622,47.85
14623,47.58
14624,47.97
14625,47.82
14626,47.67
14627,49.02
14628,48.41
14629,47.85
14630,47.24
14631,47.27
14632,47.58
14633,46.91
14634,47.09
14635,46.86
14636,46.24
14637,46.51
14638,46.65
14639,46.89
14640,46.0
14641,45.4
14642,44.47
14643,44.62
14644,43.83
14645,43.62
14646,43.3
14647,43.53
14648,43.71
14649,44.05
14650,44.08
14651,43.49
14652,42.81
14653,43.06
14654,43.89
14655,44.0
14656,43.52
14657,44.45
14658,44.17
14659,43.68
14660,41.9
14661,41.77
14662,40.78
14663,40.85
14664,41.23
14665,40.95
14666,41.22
14667,41.1
14668,40.34
14669,40.04
14670,39.41
14671,38.32
14672,37.88
14673,37.98
14674,37.14
14675,37.22
14676,36.07
14677,35.84
14678,35.79
14679,35.54
14680,35.51
14681,36.22
14682,36.06
14683,36.93
14684,36.59
14685,36.6
14686,36.56
14687,36.66
14688,36.73
14689,36.8
14690,36.54
14691,36.55
14692,37.34
14693,37.39
14694,37.64
14695,38.04
14696,38.43
14697,38.27
14698,38.14
14699,37.95
14700,38.13
14701,37.32
14702,37.36
14703,37.38
14704,37.46
14705,37.35
14706,37.64
14707,37.82
14708,37.17
14709,36.95
14710,36.4
14711,36.42
14712,36.66
14713,36.62
14714,36.08
14715,36.46
14716,36.54
14717,37.14
14718,38.07
14719,38.53
14720,38.51
14721,38.18
14722,38.32
14723,38.28
14724,39.83
14725,39.47
14726,40.33
14727,38.86
14728,40.19
14729,41.77
14730,41.3
14731,41.8
14732,43.66
14733,43.65
14734,43.46
14735,44.97
14736,45.02
14737,44.74
14738,44.22
14739,43.83
14740,44.12
14741,44.39
14742,44.43
14743,44.59
14744,45.42
14745,45.78
14746,45.99
14747,46.44
14748,45.99
14749,45.43
14750,45.09
14751,45.39
14752,47.19
14753,46.43
14754,46.5
14755,45.64
14756,45.7
14757,44.75
14758,44.83
14759,44.76
14760,44.53
14761,44.57
14762,45.19
14763,44.51
14764,44.35
14765,44.08
14766,44.09
14767,43.54
14768,43.52
14769,44.46
14770,44.66
14771,44.75
14772,44.97
14773,44.97
14774,45.92
14775,47.09
14776,47.28
14777,47.26
14778,47.36
14779,47.58
14780,47.78
14781,46.41
14782,46.83
14783,46.35
14784,46.15
14785,46.13
14786,46.27
14787,45.82
14788,46.25
14789,46.19
14790,47.15
14791,47.17
14792,46.27
14793,46.2
14794,45.74
14795,45.48
14796,45.5
14797,44.7
14798,44.95
14799,46.4
14800,47.22
14801,47.87
14802,48.14
14803,48.8
14804,48.92
14805,48.99
14806,49.67
14807,49.89
14808,49.76
14809,49.76
14810,51.09
14811,51.12
14812,50.8
14813,50.7
14814,51.01
14815,50.57
14816,50.56
14817,50.0
14818,49.51
14819,50.22
14820,50.83
14821,50.54
14822,50.39
14823,52.98
14824,51.56
14825,52.17
14826,52.32
14827,52.55
14828,51.23
14829,49.33
14830,49.97
14831,49.75
14832,48.23
14833,48.21
14834,49.61
14835,48.57
14836,49.89
14837,50.07
14838,49.92
14839,49.89
14840,50.04
14841,49.9
14842,51.25
14843,50.53
14844,49.44
14845,49.37
14846,50.06
14847,49.05
14848,49.33
14849,49.92
14850,49.98
14851,50.16
14852,48.25
14853,48.24
14854,47.94
14855,47.5
14856,48.26
14857,48.36
14858,48.99
14859,49.36
14860,49.58
14861,49.47
14862,49.09
14863,49.04
14864,49.1
14865,49.93
14866,49.48
14867,50.19
14868,50.41
14869,49.47
14870,49.72
14871,50.11
14872,50.74
14873,52.23
14874,51.84
14875,50.52
14876,50.65
14877,50.62
14878,51.11
14879,51.5
14880,51.53
14881,52.71
14882,52.96
14883,52.3
14884,52.15
14885,52.22
14886,52.2
14887,53.54
14888,54.43
14889,54.24
14890,53.76
14891,54.93
14892,54.84
14893,54.85
14894,55.07
14895,54.85
14896,54.51
14897,54.53
14898,54.33
14899,53.55
14900,52.19
14901,51.56
14902,52.85
14903,52.16
14904,51.95
14905,51.92
14906,52.14
14907,52.61
14908,52.7
14909,52.68
14910,52.15
14911,51.95
14912,52.44
14913,53.35
14914,53.19
14915,53.28
14916,53.51
14917,53.64
14918,53.14
14919,51.82
14920,51.15
14921,52.24
14922,52.22
14923,49.18
14924,50.03
14925,50.19
14926,51.01
14927,50.36
14928,50.2
14929,51.14
14930,50.54
14931,50.25
14932,49.65
14933,50.74
14934,49.34
14935,49.47
14936,48.37
14937,48.18
14938,49.05
14939,49.34
14940,48.92
14941,49.12
14942,47.87
14943,48.2
14944,49.17
14945,48.86
14946,48.06
14947,48.04
14948,47.96
14949,48.03
14950,48.68
14951,48.1
14952,48.25
14953,48.85
14954,49.05
14955,49.06
14956,48.54
14957,49.27
14958,48.71
14959,48.27
14960,48.12
14961,48.31
14962,48.95
14963,49.44
14964,52.13
14965,51.34
14966,51.7
14967,51.66
14968,51.25
14969,51.35
14970,51.57
14971,51.58
14972,50.86
14973,49.3
14974,49.1
14975,49.07
14976,49.23
14977,49.46
14978,49.34
14979,49.04
14980,48.88
14981,47.59
14982,47.08
14983,47.23
14984,47.21
14985,47.18
14986,47.08
14987,46.51
14988,45.07
14989,44.88
14990,44.67
14991,43.79
14992,44.62
14993,44.83
14994,44.62
14995,45.02
14996,46.62
14997,47.17
14998,47.71
14999,47.3
15000,46.96
15001,47.0
15002,45.84
15003,45.83
15004,46.08
15005,45.76
15006,44.88
15007,44.73
15008,44.88
15009,45.03
15010,44.63
15011,44.95
15012,46.05
15013,45.2
15014,45.53
15015,45.77
15016,45.41
15017,45.63
15018,45.71
15019,45.79
15020,45.75
15021,44.75
15022,45.82
15023,46.19
15024,45.27
15025,45.07
15026,44.35
15027,44.73
15028,44.99
15029,43.93
15030,43.91
15031,44.1
15032,43.96
15033,42.94
15034,42.92
15035,42.49
15036,42.55
15037,42.26
15038,41.43
15039,41.64
15040,41.98
15041,41.45
15042,41.47
15043,41.38
15044,40.32
15045,40.35
15046,40.41
15047,40.41
15048,40.83
15049,40.41
15050,40.57
15051,41.45
15052,42.16
15053,41.73
15054,40.85
15055,41.42
15056,41.44
15057,40.89
15058,41.46
15059,41.45
15060,42.11
15061,42.26
15062,41.33
15063,41.41
15064,38.4
15065,38.28
15066,38.76
15067,38.67
15068,38.78
15069,38.74
15070,37.89
15071,37.38
15072,37.32
15073,37.6
15074,37.17
15075,37.23
15076,37.07
15077,36.87
15078,37.07
15079,37.1
15080,37.12
15081,37.27
15082,37.03
15083,37.08
15084,37.04
15085,37.01
15086,37.04
15087,36.15
15088,36.32
15089,36.65
15090,36.57
15091,36.13
15092,35.12
15093,36.29
15094,38.79
15095,38.8
15096,37.8
15097,37.23
15098,36.66
15099,36.52
15100,36.44
15101,37.12
15102,37.07
15103,37.03
15104,36.83
15105,37.62
15106,37.79
15107,37.12
15108,36.95
15109,36.93
15110,36.79
15111,36.76
15112,35.91
15113,35.86
15114,35.63
15115,35.34
15116,35.7
15117,36.19
15118,36.1
15119,35.76
15120,35.78
15121,36.13
15122,36.32
15123,36.4
15124,35.89
15125,36.0
15126,35.78
15127,35.45
15128,35.4
15129,35.81
15130,36.22
15131,35.99
15132,36.03
15133,36.09
15134,36.61
15135,36.63
15136,36.28
15137,36.59
15138,36.78
15139,36.42
15140,35.93
15141,35.92
15142,35.96
15143,35.86
15144,35.95
15145,37.68
15146,38.25
15147,38.43
15148,37.84
15149,38.18
15150,37.2
15151,36.39
15152,35.64
15153,35.48
15154,36.35
15155,36.75
15156,36.74
15157,37.05
15158,36.32
15159,36.27
15160,35.72
15161,35.72
15162,35.72
15163,35.31
15164,35.97
15165,36.9
15166,36.24
15167,35.68
15168,35.52
15169,35.7
15170,37.93
15171,37.95
15172,38.5
15173,38.16
15174,38.38
15175,38.32
15176,38.38
15177,38.62
15178,37.96
15179,37.66
15180,37.57
15181,37.51
15182,37.55
15183,38.0
15184,38.4
15185,38.55
15186,38.99
15187,39.08
15188,39.88
15189,39.68
15190,39.37
15191,40.3
15192,40.72
15193,39.21
15194,36.67
15195,36.67
15196,36.22
15197,36.62
15198,36.64
15199,36.5
15200,36.51
15201,36.48
15202,36.64
15203,37.31
15204,37.26
15205,37.35
15206,37.27
15207,37.96
15208,38.74
15209,38.75
15210,38.7
15211,38.87
15212,39.22
15213,39.34
15214,39.21
15215,39.74
15216,39.49
15217,38.75
15218,39.08
15219,39.05
15220,39.53
15221,39.15
15222,37.88
15223,37.66
15224,37.64
15225,37.5
15226,36.71
15227,36.73
15228,37.13
15229,37.0
15230,36.7
15231,38.34
15232,39.37
15233,39.5
15234,39.3
15235,39.12
15236,39.43
15237,39.33
15238,39.29
15239,41.76
15240,41.99
15241,42.06
15242,42.08
15243,42.56
15244,42.59
15245,41.63
15246,41.66
15247,41.78
15248,42.43
15249,42.49
15250,43.06
15251,43.07
15252,44.43
15253,44.63
15254,44.01
15255,43.76
15256,43.4
15257,42.76
15258,43.41
15259,43.38
15260,43.84
15261,44.1
15262,44.08
15263,44.24
15264,43.92
15265,43.55
15266,43.95
15267,45.3
15268,45.87
15269,45.85
15270,44.6
15271,45.45
15272,45.05
15273,45.27
15274,44.98
15275,45.0
15276,44.82
15277,44.75
15278,44.97
15279,45.03
15280,45.03
15281,45.06
15282,44.92
15283,44.37
15284,44.02
15285,44.48
15286,44.61
15287,44.69
15288,43.81
15289,44.76
15290,44.7
15291,43.71
15292,43.54
15293,43.51
15294,43.62
15295,43.29
15296,43.62
15297,44.13
15298,44.69
15299,44.75
15300,45.42
15301,46.71
15302,46.34
15303,46.63
15304,48.46
15305,48.49
15306,48.49
15307,47.95
15308,47.14
15309,47.67
15310,48.83
15311,48.54
15312,48.42
15313,49.09
15314,49.11
15315,48.88
15316,49.61
15317,50.22
15318,50.73
15319,50.91
15320,50.56
15321,51.31
15322,52.23
15323,52.04
15324,52.23
15325,52.27
15326,52.15
15327,52.81
15328,52.79
15329,52.97
15330,53.48
15331,52.9
15332,52.63
15333,52.94
15334,53.31
15335,53.56
15336,54.08
15337,53.86
15338,53.93
15339,51.44
15340,52.32
15341,52.13
15342,52.19
15343,52.43
15344,52.95
15345,52.25
15346,51.67
15347,51.43
15348,50.98
15349,51.04
15350,50.68
15351,51.26
15352,50.38
15353,51.4
15354,51.51
15355,51.68
15356,52.01
15357,53.5
15358,53.09
15359,54.24
15360,54.42
15361,54.7
15362,54.78
15363,55.43
15364,55.98
15365,55.54
15366,55.56
15367,54.64
15368,54.28
15369,54.13
15370,53.43
15371,52.78
15372,52.71
15373,52.79
15374,53.05
15375,53.06
15376,53.1
15377,53.42
15378,53.14
15379,53.3
15380,53.52
15381,53.71
15382,54.25
15383,54.74
15384,54.8
15385,54.28
15386,54.44
15387,55.25
15388,55.18
15389,54.81
15390,55.69
15391,56.43
15392,56.46
15393,56.46
15394,58.51
15395,58.85
15396,58.69
15397,58.35
15398,58.12
15399,57.87
15400,57.13
15401,54.82
15402,54.91
15403,54.44
15404,52.57
15405,51.65
15406,51.36
15407,51.55
15408,51.52
15409,51.67
15410,50.49
15411,50.56
15412,49.63
15413,48.82
15414,48.72
15415,48.39
15416,47.35
15417,46.88
15418,46.07
15419,46.03
15420,46.17
15421,45.46
15422,44.54
15423,44.5
15424,44.27
15425,44.41
15426,44.82
15427,44.24
15428,43.6
15429,43.36
15430,42.72
15431,42.05
15432,41.28
15433,41.55
15434,40.98
15435,40.89
15436,40.81
15437,41.24
15438,41.07
15439,41.45
15440,41.48
15441,42.54
15442,42.68
15443,42.0
15444,41.71
15445,41.73
15446,43.23
15447,43.19
15448,43.03
15449,42.54
15450,42.43
15451,41.81
15452,41.24
15453,39.99
15454,40.02
15455,39.67
15456,39.47
15457,38.8
15458,38.53
15459,37.4
15460,36.53
15461,37.28
15462,37.23
15463,36.66
15464,35.89
15465,35.78
15466,35.21
15467,35.13
15468,34.97
15469,35.21
15470,34.83
15471,35.1
15472,35.51
15473,35.31
15474,35.15
15475,35.58
15476,35.74
15477,35.85
15478,35.92
15479,35.75
15480,35.63
15481,35.82
15482,35.33
15483,34.94
15484,36.72
15485,36.74
15486,36.05
15487,34.93
15488,34.98
15489,34.77
15490,34.25
15491,33.58
15492,33.37
15493,33.68
15494,31.6
15495,31.6
15496,31.22
15497,31.12
15498,30.86
15499,31.12
15500,31.15
15501,31.81
15502,31.73
15503,31.4
15504,32.02
15505,32.15
15506,32.12
15507,31.89
15508,32.26
15509,31.8
15510,31.71
15511,32.25
15512,32.46
15513,32.49
15514,32.92
15515,33.56
15516,33.67
15517,33.28
15518,33.86
15519,33.76
15520,33.51
15521,33.71
15522,33.93
15523,33.85
15524,33.98
15525,33.41
15526,33.23
15527,33.11
15528,33.16
15529,32.92
15530,33.54
15531,33.07
15532,33.37
15533,32.58
15534,32.66
15535,34.41
15536,34.81
15537,34.54
15538,35.81
15539,36.06
15540,35.96
15541,35.2
15542,35.55
15543,35.6
15544,35.21
15545,35.5
15546,33.96
15547,34.63
15548,34.81
15549,34.72
15550,34.82
15551,35.65
15552,36.48
15553,36.54
15554,36.1
15555,35.47
15556,35.5
15557,34.83
15558,34.94
15559,35.28
15560,35.37
15561,33.75
15562,34.32
15563,34.11
15564,34.08
15565,34.15
15566,34.21
15567,34.14
15568,35.46
15569,35.21
15570,36.36
15571,36.87
15572,37.54
15573,39.25
15574,39.4
15575,38.98
15576,39.19
15577,38.59
15578,38.71
15579,39.15
15580,39.15
15581,38.91
15582,39.06
15583,38.98
15584,37.33
15585,37.31
15586,37.21
15587,38.46
15588,38.44
15589,38.48
15590,38.21
15591,39.08
15592,38.97
15593,38.76
15594,38.87
15595,38.71
15596,39.84
15597,39.74
15598,40.29
15599,40.84
15600,41.19
15601,40.62
15602,40.44
15603,40.32
15604,40.03
15605,40.41
15606,40.4
15607,40.9
15608,40.65
15609,40.36
15610,40.82
15611,40.01
15612,39.91
15613,40.77
15614,40.59
15615,39.94
15616,39.9
15617,40.01
15618,39.86
15619,39.76
15620,40.08
15621,39.78
15622,39.85
15623,41.73
15624,42.03
15625,41.85
15626,42.13
15627,42.89
15628,42.85
15629,43.43
15630,42.93
15631,42.98
15632,43.83
15633,44.39
15634,44.43
15635,42.68
15636,41.51
15637,41.73
15638,41.26
15639,40.47
15640,39.38
15641,38.93
15642,38.32
15643,38.95
15644,39.43
15645,38.99
15646,39.29
15647,38.68
15648,38.9
15649,39.06
15650,39.31
15651,38.7
15652,40.59
15653,40.7
15654,41.37
15655,41.87
15656,43.33
15657,43.3
15658,45.29
15659,45.23
15660,45.49
15661,45.56
15662,45.17
15663,45.27
15664,45.25
15665,45.33
15666,46.04
15667,46.12
15668,45.71
15669,45.84
15670,46.06
15671,45.41
15672,44.95
15673,43.39
15674,43.77
15675,43.9
15676,43.36
15677,43.35
15678,43.4
15679,44.42
15680,44.74
15681,44.86
15682,45.1
15683,46.02
15684,46.3
15685,46.45
15686,46.7
15687,46.12
15688,47.22
15689,46.62
15690,47.55
15691,46.88
15692,47.41
15693,47.92
15694,47.78
15695,48.3
15696,47.15
15697,47.08
15698,46.98
15699,46.28
15700,46.13
15701,46.12
15702,46.47
15703,46.73
15704,46.64
15705,46.82
15706,46.67
15707,46.19
15708,46.62
15709,46.89
15710,46.46
15711,47.12
15712,47.83
15713,47.06
15714,46.81
15715,47.08
15716,47.13
15717,47.03
15718,46.48
15719,46.6
15720,46.98
15721,46.82
15722,46.88
15723,45.19
15724,45.78
15725,46.18
15726,45.73
15727,44.95
15728,45.14
15729,44.84
15730,44.78
15731,45.57
15732,46.57
15733,46.17
15734,46.0
15735,45.94
15736,45.96
15737,45.6
15738,45.06
15739,45.66
15740,45.66
15741,45.95
15742,46.34
15743,47.29
15744,47.09
15745,47.09
15746,49.09
15747,49.23
15748,49.11
15749,50.7
15750,50.21
15751,51.03
15752,48.55
15753,49.57
15754,48.98
15755,48.48
15756,47.53
15757,47.79
15758,45.85
15759,45.91
15760,45.61
15761,45.79
15762,45.89
15763,45.54
15764,46.25
15765,47.31
15766,47.21
15767,47.21
15768,46.31
15769,46.14
15770,44.84
15771,44.47
15772,43.75
15773,44.32
15774,43.72
15775,44.43
15776,44.9
15777,44.93
15778,45.0
15779,43.42
15780,43.36
15781,43.02
15782,42.83
15783,41.8
15784,41.29
15785,41.53
15786,41.4
15787,41.5
15788,41.01
15789,41.55
15790,41.16
15791,41.26
15792,40.95
15793,40.64
15794,40.69
15795,39.91
15796,40.58
15797,40.63
15798,40.33
15799,40.84
15800,40.94
15801,41.09
15802,42.6
15803,42.88
15804,42.69
15805,42.09
15806,42.23
15807,43.16
15808,43.02
15809,43.17
15810,43.39
15811,43.4
15812,43.29
15813,44.12
15814,44.13
15815,43.82
15816,44.0
15817,44.0
15818,46.43
15819,46.91
15820,46.54
15821,47.07
15822,46.72
15823,47.0
15824,48.53
15825,48.27
15826,48.75
15827,49.56
15828,49.74
15829,49.67
15830,49.59
15831,48.93
15832,46.93
15833,46.99
15834,47.12
15835,47.29
15836,47.91
15837,48.03
15838,48.35
15839,47.87
15840,48.2
15841,47.91
15842,47.35
15843,45.83
15844,45.71
15845,46.39
15846,43.94
15847,43.75
15848,43.44
15849,41.65
15850,41.65
15851,40.58
15852,42.36
15853,41.47
15854,41.48
15855,42.52
15856,42.52
15857,42.11
15858,41.96
15859,41.59
15860,41.99
15861,41.95
15862,41.7
15863,41.85
15864,41.45
15865,40.86
15866,40.13
15867,39.93
15868,39.92
15869,39.91
15870,40.42
15871,41.13
15872,41.26
15873,41.18
15874,41.47
15875,40.67
15876,40.27
15877,40.24
15878,41.12
15879,41.62
15880,42.0
15881,42.1
15882,41.98
15883,42.13
15884,42.25
15885,42.05
15886,42.2
15887,41.88
15888,42.21
15889,42.65
15890,41.97
15891,42.14
15892,42.02
15893,42.17
15894,42.97
15895,42.96
15896,42.99
15897,42.73
15898,42.37
15899,42.34
15900,42.16
15901,42.12
15902,40.81
15903,40.25
15904,40.25
15905,40.28
15906,40.23
15907,39.82
15908,39.46
15909,39.17
15910,40.15
15911,39.57
15912,38.89
15913,38.42
15914,38.41
15915,38.52
15916,38.34
15917,39.31
15918,37.03
15919,36.47
15920,36.19
15921,35.84
15922,35.88
15923,35.61
15924,33.18
15925,33.27
15926,33.21
15927,32.9
15928,32.51
15929,32.64
15930,32.91
15931,32.78
15932,32.66
15933,32.44
15934,32.25
15935,32.12
15936,31.71
15937,31.63
15938,31.29
15939,31.34
15940,31.21
15941,31.22
15942,31.25
15943,31.36
15944,31.14
15945,30.6
15946,31.19
15947,31.19
15948,31.51
15949,31.59
15950,31.66
15951,32.33
15952,30.28
15953,30.1
15954,30.36
15955,29.29
15956,29.17
15957,29.85
15958,31.05
15959,31.23
15960,31.47
15961,31.64
15962,31.79
15963,31.83
15964,32.03
15965,31.83
15966,32.61
15967,32.47
15968,32.44
15969,33.04
15970,32.61
15971,31.95
15972,31.93
15973,31.34
15974,31.21
15975,31.17
15976,31.03
15977,31.35
15978,30.19
15979,30.87
15980,30.28
15981,30.23
15982,30.17
15983,30.42
15984,30.45
15985,31.0
15986,32.35
15987,33.31
15988,32.49
15989,32.01
15990,32.01
15991,31.6
15992,31.66
15993,31.59
15994,31.29
15995,31.59
15996,31.23
15997,31.14
15998,31.34
15999,31.34
16000,31.46
16001,31.54
16002,31.64
16003,31.82
16004,31.82
16005,31.65
16006,31.83
16007,31.19
16008,31.14
16009,31.38
16010,30.55
16011,31.15
16012,31.21
16013,31.02
16014,31.13
16015,32.0
16016,31.85
16017,31.15
16018,31.24
16019,31.56
16020,31.43
16021,31.42
16022,31.63
16023,31.63
16024,31.84
16025,32.15
16026,32.03
16027,31.61
16028,31.84
16029,32.18
16030,33.67
16031,33.67
16032,33.62
16033,33.75
16034,34.07
16035,33.92
16036,33.71
16037,33.65
16038,33.35
16039,33.44
16040,33.34
16041,33.57
16042,33.72
16043,33.34
16044,33.46
16045,33.36
16046,33.27
16047,33.48
16048,33.73
16049,33.65
16050,33.85
16051,33.56
16052,33.53
16053,33.42
16054,33.07
16055,33.53
16056,33.15
16057,32.87
16058,31.86
16059,31.99
16060,32.17
16061,32.4
16062,32.27
16063,32.22
16064,32.76
16065,33.25
16066,33.03
16067,34.43
16068,34.42
16069,34.05
16070,34.69
16071,36.72
16072,36.81
16073,36.84
16074,37.0
16075,37.64
16076,37.62
16077,37.4
16078,38.18
16079,38.94
16080,39.92
16081,39.89
16082,39.85
16083,39.8
16084,39.83
16085,39.0
16086,38.03
16087,37.44
16088,37.54
16089,38.54
16090,39.52
16091,39.41
16092,39.86
16093,39.54
16094,39.04
16095,39.23
16096,39.38
16097,39.82
16098,39.76
16099,39.18
16100,40.46
16101,40.66
16102,40.04
16103,39.84
16104,40.33
16105,40.37
16106,40.31
16107,41.29
16108,41.91
16109,43.77
16110,43.29
16111,42.63
16112,42.54
16113,42.66
16114,43.44
16115,42.49
16116,42.52
16117,43.46
16118,43.85
16119,43.5
16120,43.61
16121,43.5
16122,43.52
16123,43.55
16124,44.1
16125,43.54
16126,43.43
16127,43.47
16128,43.71
16129,43.07
16130,41.2
16131,41.27
16132,41.76
16133,41.6
16134,41.35
16135,41.35
16136,41.97
16137,42.15
16138,42.29
16139,42.06
16140,41.95
16141,41.73
16142,41.77
16143,42.24
16144,42.12
16145,42.08
16146,41.81
16147,42.78
16148,42.24
16149,42.75
16150,42.52
16151,42.16
16152,42.21
16153,42.86
16154,43.13
16155,42.74
16156,42.85
16157,42.9
16158,43.28
16159,43.15
16160,43.75
16161,43.44
16162,43.6
16163,43.64
16164,42.88
16165,42.19
16166,41.8
16167,40.35
16168,40.73
16169,41.12
16170,40.63
16171,39.26
16172,39.31
16173,39.1
16174,39.36
16175,39.0
16176,39.24
16177,40.37
16178,41.69
16179,39.77
16180,38.86
16181,38.79
16182,38.89
16183,38.61
16184,40.16
16185,40.15
16186,39.72
16187,39.25
16188,39.14
16189,37.75
16190,36.9
16191,38.24
16192,37.85
16193,38.02
16194,38.61
16195,38.08
16196,38.81
16197,38.71
16198,38.77
16199,39.24
16200,38.3
16201,38.28
16202,38.24
16203,38.22
16204,37.77
16205,37.76
16206,37.58
16207,37.06
16208,36.51
16209,34.64
16210,34.8
16211,34.84
16212,34.79
16213,34.45
16214,33.53
16215,33.68
16216,33.82
16217,32.74
16218,32.15
16219,33.28
16220,33.88
16221,33.84
16222,33.64
16223,33.97
16224,33.19
16225,33.37
16226,33.18
16227,33.14
16228,32.64
16229,32.7
16230,32.97
16231,33.12
16232,32.82
16233,32.99
16234,35.86
16235,36.79
16236,36.52
16237,37.08
16238,37.1
16239,37.65
16240,39.37
16241,39.8
16242,39.6
16243,39.67
16244,40.18
16245,41.86
16246,42.28
16247,41.16
16248,41.07
16249,41.19
16250,41.63
16251,41.86
16252,42.36
16253,41.87
16254,41.83
16255,42.29
16256,42.3
16257,42.42
16258,42.76
16259,43.12
16260,42.76
16261,43.42
16262,43.86
16263,43.85
16264,44.89
16265,44.89
16266,45.48
16267,45.62
16268,46.02
16269,45.63
16270,45.37
16271,45.1
16272,44.84
16273,45.46
16274,46.66
16275,47.17
16276,47.14
16277,45.97
16278,44.0
16279,45.65
16280,45.71
16281,46.19
16282,46.37
16283,46.82
16284,45.13
16285,45.7
16286,46.04
16287,45.9
16288,46.3
16289,46.37
16290,46.46
16291,45.28
16292,45.18
16293,45.54
16294,45.14
16295,46.1
16296,45.91
16297,45.58
16298,45.5
16299,45.26
16300,45.43
16301,46.14
16302,46.49
16303,46.55
16304,46.75
16305,46.87
16306,47.14
16307,47.2
16308,48.06
16309,48.13
16310,48.05
16311,48.39
16312,48.54
16313,48.52
16314,48.8
16315,48.83
16316,49.07
16317,49.35
16318,49.4
16319,48.75
16320,48.26
16321,49.34
16322,49.28
16323,48.82
16324,49.03
16325,49.1
16326,49.18
16327,49.35
16328,49.5
16329,49.43
16330,49.18
16331,48.92
16332,49.65
16333,49.74
16334,47.1
16335,46.18
16336,45.82
16337,47.04
16338,48.1
16339,49.12
16340,48.06
16341,49.41
16342,49.81
16343,51.96
16344,51.86
16345,50.28
16346,49.73
16347,49.7
16348,50.02
16349,50.47
16350,51.76
16351,51.61
16352,51.07
16353,51.03
16354,51.7
16355,51.25
16356,52.15
16357,53.38
16358,53.19
16359,52.64
16360,53.52
16361,52.55
16362,52.27
16363,53.14
16364,52.13
16365,53.51
16366,52.99
16367,53.2
16368,53.43
16369,53.88
16370,54.34
16371,54.12
16372,54.9
16373,54.32
16374,52.94
16375,52.1
16376,52.11
16377,52.03
16378,52.37
16379,51.04
16380,50.91
16381,50.95
16382,50.95
16383,50.68
16384,51.59
16385,51.88
16386,52.86
16387,53.41
16388,53.13
16389,54.71
16390,54.7
16391,54.7
16392,54.85
16393,54.59
16394,55.02
16395,55.26
16396,54.75
16397,54.87
16398,54.96
16399,55.04
16400,54.6
16401,54.26
16402,54.31
16403,54.46
16404,54.22
16405,54.33
16406,55.2
16407,54.62
16408,53.96
16409,54.0
16410,54.15
16411,53.69
16412,54.11
16413,54.07
16414,53.83
16415,54.62
16416,55.28
16417,54.98
16418,54.95
16419,54.52
16420,54.35
16421,54.4
16422,56.36
16423,56.63
16424,56.42
16425,56.49
16426,57.27
16427,57.1
16428,58.1
16429,58.82
16430,58.93
16431,60.38
16432,60.48
16433,60.85
16434,60.8
16435,61.34
16436,62.4
16437,61.32
16438,61.52
16439,60.24
16440,59.73
16441,58.39
16442,57.97
16443,55.31
16444,54.95
16445,55.61
16446,55.65
16447,57.22
16448,57.02
16449,55.94
16450,54.23
16451,55.3
16452,55.51
16453,56.36
16454,56.01
16455,56.01
16456,55.11
16457,53.82
16458,53.31
16459,54.91
16460,53.26
16461,53.72
16462,54.08
16463,53.43
16464,53.09
16465,51.7
16466,51.56
16467,51.28
16468,50.42
16469,49.71
16470,49.54
16471,49.35
16472,48.96
16473,49.32
16474,49.01
16475,49.75
16476,50.36
16477,50.56
16478,52.0
16479,51.89
16480,53.37
16481,53.04
16482,53.2
16483,53.2
16484,52.77
16485,52.01
16486,51.15
16487,50.61
16488,50.99
16489,49.23
16490,49.23
16491,49.06
16492,48.96
16493,48.82
16494,48.17
16495,47.46
16496,47.02
16497,47.15
16498,47.32
16499,47.03
16500,47.16
16501,46.55
16502,46.34
16503,46.93
16504,47.05
16505,46.99
16506,45.86
16507,46.08
16508,46.19
16509,45.7
16510,45.47
16511,45.94
16512,45.45
16513,46.27
16514,46.88
16515,46.73
16516,46.75
16517,47.2
16518,47.81
16519,47.85
16520,48.21
16521,47.94
16522,46.0
16523,45.67
16524,46.12
16525,45.78
16526,45.51
16527,45.95
16528,45.6
16529,44.89
16530,44.89
16531,43.52
16532,42.64
16533,42.16
16534,42.0
16535,41.48
16536,40.64
16537,39.85
16538,38.46
16539,38.91
16540,39.04
16541,38.58
16542,38.79
16543,38.74
16544,40.0
16545,39.26
16546,39.2
16547,37.56
16548,37.74
16549,37.69
16550,37.75
16551,37.48
16552,37.68
16553,36.77
16554,36.33
16555,36.4
16556,36.4
16557,36.72
16558,37.07
16559,36.96
16560,36.99
16561,38.23
16562,37.53
16563,37.47
16564,37.87
16565,37.71
16566,37.76
16567,38.13
16568,38.43
16569,38.7
16570,38.75
16571,39.58
16572,39.66
16573,40.05
16574,40.6
16575,39.88
16576,41.62
16577,41.7
16578,40.32
16579,41.19
16580,40.58
16581,40.75
16582,40.3
16583,40.27
16584,40.65
16585,41.46
16586,40.87
16587,40.63
16588,40.95
16589,44.86
16590,44.74
16591,44.83
16592,46.13
16593,46.58
16594,46.54
16595,47.05
16596,46.95
16597,46.78
16598,46.74
16599,47.86
16600,48.74
16601,49.97
16602,50.64
16603,49.84
16604,50.2
16605,52.57
16606,54.96
16607,55.47
16608,55.62
16609,56.42
16610,56.45
16611,56.34
16612,56.99
16613,56.54
16614,56.59
16615,55.78
16616,54.92
16617,54.61
16618,55.66
16619,57.83
16620,58.21
16621,57.84
16622,62.34
16623,62.38
16624,62.35
16625,62.95
16626,64.59
16627,64.06
16628,63.67
16629,63.74
16630,64.21
16631,66.09
16632,66.29
16633,67.32
16634,67.95
16635,69.35
16636,69.69
16637,70.71
16638,72.23
16639,72.13
16640,72.34
16641,73.19
16642,73.57
16643,73.89
16644,73.5
16645,74.24
16646,74.87
16647,76.91
16648,77.06
16649,78.88
16650,78.79
16651,80.44
16652,80.95
16653,82.05
16654,83.31
16655,83.22
16656,83.82
16657,83.02
16658,82.75
16659,82.07
16660,81.82
16661,80.55
16662,80.64
16663,81.08
16664,80.97
16665,82.8
16666,83.53
16667,83.33
16668,83.49
16669,83.67
16670,83.65
16671,82.84
16672,84.32
16673,84.56
16674,83.98
16675,85.87
16676,83.62
16677,83.89
16678,83.36
16679,82.72
16680,82.04
16681,81.71
16682,81.72
16683,82.49
16684,81.62
16685,81.46
16686,81.53
16687,82.05
16688,81.08
16689,77.2
16690,77.43
16691,77.52
16692,76.65
16693,76.09
16694,76.47
16695,76.2
16696,76.47
16697,76.96
16698,77.21
16699,76.42
16700,75.45
16701,74.77
16702,74.77
16703,75.67
16704,75.14
16705,73.16
16706,71.32
16707,70.8
16708,70.64
16709,69.75
16710,69.77
16711,69.95
16712,69.4
16713,69.16
16714,68.84
16715,69.16
16716,69.68
16717,71.24
16718,69.94
16719,68.54
16720,69.21
16721,68.83
16722,65.2
16723,66.58
16724,67.39
16725,67.01
16726,64.81
16727,64.92
16728,64.51
16729,65.51
16730,67.05
16731,65.7
16732,65.48
16733,64.54
16734,64.01
16735,63.36
16736,62.97
16737,62.03
16738,61.02
16739,60.54
16740,61.0
16741,60.59
16742,60.43
16743,60.94
16744,60.29
16745,60.16
16746,59.74
16747,58.45
16748,58.48
16749,57.71
16750,57.76
16751,55.24
16752,54.51
16753,55.56
16754,55.63
16755,56.46
16756,55.91
16757,55.99
16758,56.79
16759,56.9
16760,56.9
16761,56.5
16762,56.56
16763,56.95
16764,57.75
16765,56.91
16766,57.16
16767,57.31
16768,59.15
16769,60.27
16770,60.47
16771,60.88
16772,60.85
16773,60.18
16774,60.31
16775,58.59
16776,59.37
16777,58.94
16778,59.55
16779,59.06
16780,61.08
16781,61.4
16782,62.93
16783,62.16
16784,63.49
16785,62.87
16786,63.64
16787,63.15
16788,64.37
16789,64.33
16790,64.34
16791,64.85
16792,64.55
16793,65.24
16794,65.29
16795,64.58
16796,64.84
16797,64.33
16798,63.72
16799,63.53
16800,63.35
16801,63.34
16802,62.52
16803,62.46
16804,62.54
16805,62.99
16806,62.76
16807,62.63
16808,63.19
16809,63.69
16810,63.77
16811,63.29
16812,63.65
16813,63.58
16814,63.83
16815,64.95
16816,64.38
16817,63.91
16818,64.06
16819,63.45
16820,63.4
16821,63.59
16822,62.87
16823,61.52
16824,60.51
16825,61.19
16826,61.77
16827,62.35
16828,63.48
16829,63.34
16830,61.23
16831,60.81
16832,60.86
16833,64.16
16834,64.6
16835,68.68
16836,70.1
16837,71.06
16838,71.54
16839,72.64
16840,71.68
16841,74.15
16842,75.3
16843,74.47
16844,74.53
16845,74.23
16846,74.77
16847,74.05
16848,74.25
16849,73.81
16850,74.05
16851,74.66
16852,74.86
16853,72.95
16854,71.85
16855,71.63
16856,71.54
16857,72.25
16858,71.76
16859,71.9
16860,71.8
16861,73.4
16862,73.28
16863,72.76
16864,72.48
16865,71.76
16866,71.64
16867,71.76
16868,69.39
16869,68.79
16870,69.92
16871,70.18
16872,70.92
16873,70.63
16874,71.38
16875,71.61
16876,71.67
16877,71.83
16878,71.84
16879,71.86
16880,69.69
16881,69.53
16882,68.96
16883,68.73
16884,67.32
16885,67.37
16886,66.71
16887,67.92
16888,67.4
16889,68.37
16890,68.13
16891,69.46
16892,69.46
16893,68.86
16894,68.9
16895,69.02
16896,69.35
16897,69.61
16898,69.9
16899,70.06
16900,70.35
16901,69.73
16902,69.73
16903,68.94
16904,69.17
16905,68.27
16906,68.62
16907,68.63
16908,67.85
16909,67.49
16910,67.38
16911,68.25
16912,68.26
16913,68.32
16914,69.81
16915,68.67
16916,69.05
16917,67.7
16918,68.37
16919,68.25
16920,67.15
16921,66.94
16922,67.63
16923,68.41
16924,68.4
16925,67.93
16926,67.69
16927,68.08
16928,70.26
16929,71.64
16930,71.69
16931,71.57
16932,71.57
16933,68.01
16934,67.95
16935,63.78
16936,62.57
16937,61.9
16938,61.34
16939,60.77
16940,61.59
16941,61.17
16942,60.01
16943,60.15
16944,60.87
16945,60.6
16946,59.86
16947,60.14
16948,59.92
16949,59.28
16950,58.96
16951,58.59
16952,58.67
16953,58.8
16954,58.45
16955,57.76
16956,58.59
16957,57.87
16958,57.43
16959,56.71
16960,56.84
16961,56.01
16962,57.25
16963,57.54
16964,56.88
16965,56.7
16966,56.18
16967,55.79
16968,56.32
16969,55.73
16970,54.44
16971,55.16
16972,52.45
16973,52.46
16974,52.92
16975,53.56
16976,53.61
16977,54.04
16978,53.49
16979,53.64
16980,53.69
16981,53.52
16982,52.88
16983,53.7
16984,53.7
16985,54.52
16986,54.45
16987,53.61
16988,53.02
16989,53.31
16990,53.26
16991,51.72
16992,51.62
16993,51.5
16994,51.09
16995,51.27
16996,50.51
16997,50.21
16998,50.98
16999,50.84
17000,50.52
17001,50.48
17002,50.77
17003,51.27
17004,51.56
17005,51.48
17006,51.09
17007,51.21
17008,51.49
17009,51.45
17010,52.11
17011,51.93
17012,51.63
17013,51.71
17014,49.69
17015,50.07
17016,49.99
17017,50.07
17018,49.47
17019,49.46
17020,49.13
17021,49.15
17022,48.5
17023,47.63
17024,47.33
17025,47.08
17026,46.92
17027,45.85
17028,43.23
17029,41.02
17030,41.01
17031,41.08
17032,40.99
17033,41.15
17034,40.68
17035,40.0
17036,39.68
17037,40.34
17038,40.3
17039,40.34
17040,39.62
17041,37.86
17042,37.47
17043,37.57
17044,36.55
17045,36.99
17046,37.0
17047,36.75
17048,36.33
17049,36.99
17050,37.1
17051,37.37
17052,37.0
17053,36.81
17054,36.8
17055,36.96
17056,36.21
17057,36.87
17058,36.99
17059,36.9
17060,36.73
17061,36.34
17062,35.67
17063,34.9
17064,34.68
17065,34.79
17066,34.58
17067,34.59
17068,34.57
17069,34.79
17070,36.29
17071,35.32
17072,36.35
17073,37.37
17074,36.49
17075,35.5
17076,34.88
17077,35.2
17078,36.27
17079,36.18
17080,36.21
17081,36.4
17082,36.79
17083,36.33
17084,36.54
17085,35.82
17086,35.72
17087,35.8
17088,36.47
17089,35.39
17090,35.62
17091,35.43
17092,36.44
17093,36.42
17094,36.61
17095,36.57
17096,36.78
17097,38.65
17098,38.21
17099,38.47
17100,38.99
17101,39.27
17102,39.79
17103,40.38
17104,39.96
17105,40.19
17106,41.84
17107,42.61
17108,42.47
17109,42.47
17110,41.81
17111,41.02
17112,40.96
17113,40.75
17114,41.0
17115,40.66
17116,40.29
17117,44.08
17118,43.45
17119,43.68
17120,44.22
17121,46.29
17122,46.65
17123,46.82
17124,50.61
17125,50.51
17126,50.45
17127,50.51
17128,50.4
17129,52.51
17130,53.26
17131,53.38
17132,54.52
17133,54.56
17134,55.05
17135,55.94
17136,56.07
17137,55.09
17138,55.01
17139,54.25
17140,54.15
17141,53.76
17142,54.5
17143,54.67
17144,55.99
17145,55.92
17146,56.89
17147,57.2
17148,58.68
17149,58.84
17150,59.84
17151,60.35
17152,61.23
17153,61.33
17154,62.05
17155,62.38
17156,62.21
17157,61.6
17158,62.59
17159,63.01
17160,64.53
17161,64.48
17162,64.96
17163,65.29
17164,66.16
17165,65.9
17166,67.53
17167,67.64
17168,67.02
17169,66.59
17170,64.75
17171,64.67
17172,64.85
17173,63.82
17174,65.94
17175,66.09
17176,65.83
17177,66.52
17178,65.61
17179,65.57
17180,65.92
17181,65.97
17182,65.65
17183,65.38
17184,66.43
17185,66.69
17186,66.64
17187,67.17
17188,67.31
17189,67.37
17190,67.42
17191,67.11
17192,66.57
17193,66.62
17194,66.84
17195,66.65
17196,67.32
17197,67.95
17198,69.7
17199,69.64
17200,69.46
17201,69.47
17202,68.94
17203,69.03
17204,69.61
17205,69.36
17206,67.83
17207,67.28
17208,67.04
17209,69.43
17210,69.51
17211,69.75
17212,70.1
17213,70.39
17214,70.25
17215,70.02
17216,69.93
17217,66.49
17218,66.55
17219,66.41
17220,65.97
17221,63.74
17222,63.29
17223,63.19
17224,61.17
17225,61.34
17226,61.19
17227,61.85
17228,61.78
17229,59.64
17230,60.19
17231,60.0
17232,59.65
17233,59.59
17234,59.7
17235,58.8
17236,59.14
17237,60.71
17238,61.74
17239,62.38
17240,62.73
17241,62.74
17242,62.35
17243,61.97
17244,60.7
17245,60.9
17246,59.97
17247,59.7
17248,58.39
17249,57.7
17250,57.78
17251,56.81
17252,55.94
17253,56.0
17254,55.37
17255,55.56
17256,55.92
17257,56.76
17258,56.01
17259,59.81
17260,59.02
17261,58.68
17262,58.91
17263,61.05
17264,60.57
17265,60.9
17266,60.01
17267,60.72
17268,61.08
17269,61.4
17270,61.91
17271,61.9
17272,61.93
17273,61.9
17274,59.49
17275,60.25
17276,59.92
17277,58.73
17278,59.17
17279,59.48
17280,58.86
17281,58.64
17282,59.96
17283,59.99
17284,58.87
17285,59.38
17286,59.44
17287,58.88
17288,57.97
17289,57.75
17290,57.73
17291,58.16
17292,57.71
17293,58.45
17294,58.88
17295,59.43
17296,58.68
17297,56.57
17298,54.21
17299,54.95
17300,54.6
17301,55.09
17302,56.34
17303,55.3
17304,54.67
17305,54.87
17306,54.51
17307,54.11
17308,54.46
17309,52.07
17310,52.28
17311,53.75
17312,53.25
17313,54.27
17314,54.17
17315,54.66
17316,54.93
17317,54.62
17318,55.27
17319,55.83
17320,55.72
17321,55.93
17322,56.65
17323,57.19
17324,57.44
17325,57.52
17326,57.5
17327,57.93
17328,58.38
17329,58.62
17330,57.44
17331,58.05
17332,57.97
17333,60.55
17334,60.62
17335,60.57
17336,60.75
17337,59.26
17338,57.89
17339,58.67
17340,58.9
17341,59.72
17342,59.72
17343,59.88
17344,61.44
17345,60.83
17346,60.73
17347,61.42
17348,61.41
17349,61.91
17350,61.17
17351,61.47
17352,62.35
17353,62.18
17354,63.84
17355,63.41
17356,63.75
17357,63.5
17358,64.38
17359,60.01
17360,59.49
17361,59.47
17362,61.2
17363,58.69
17364,59.08
17365,60.9
17366,60.42
17367,60.97
17368,61.76
17369,61.37
17370,60.98
17371,61.01
17372,60.26
17373,60.58
17374,61.67
17375,60.83
17376,61.47
17377,62.18
17378,61.85
17379,62.48
17380,62.86
17381,62.96
17382,62.01
17383,62.65
17384,62.71
17385,63.26
17386,63.43
17387,63.61
17388,64.0
17389,65.13
17390,65.47
17391,65.64
17392,68.56
17393,67.92
17394,68.34
17395,68.36
17396,68.21
17397,68.0
17398,68.17
17399,68.2
17400,68.13
17401,67.47
17402,65.92
17403,66.0
17404,67.66
17405,67.95
17406,69.15
17407,70.82
17408,70.42
17409,70.62
17410,70.38
17411,68.7
17412,68.98
17413,68.72
17414,69.35
17415,69.48
17416,69.34
17417,69.49
17418,69.39
17419,69.24
17420,69.4
17421,69.92
17422,69.27
17423,69.51
17424,68.32
17425,68.5
17426,68.63
17427,68.96
17428,68.5
17429,68.38
17430,68.56
17431,68.62
17432,68.15
17433,65.74
17434,65.11
17435,66.47
17436,65.75
17437,65.71
17438,65.8
17439,64.58
17440,63.99
17441,62.89
17442,62.93
17443,62.85
17444,61.24
17445,61.36
17446,61.36
17447,60.68
17448,60.94
17449,62.81
17450,63.38
17451,63.29
17452,63.18
17453,63.16
17454,62.49
17455,62.72
17456,61.88
17457,61.19
17458,60.99
17459,61.05
17460,60.98
17461,62.12
17462,59.29
17463,59.39
17464,58.64
17465,56.67
17466,56.6
17467,55.13
17468,55.56
17469,55.84
17470,55.84
17471,55.51
17472,55.38
17473,55.18
17474,55.3
17475,55.28
17476,55.09
17477,53.91
17478,53.79
17479,52.98
17480,53.41
17481,53.56
17482,52.83
17483,52.16
17484,52.03
17485,50.44
17486,50.49
17487,49.95
17488,49.84
17489,48.98
17490,48.64
17491,48.22
17492,46.06
17493,45.97
17494,44.82
17495,44.9
17496,44.78
17497,44.56
17498,44.71
17499,44.08
17500,44.11
17501,43.96
17502,44.35
17503,44.6
17504,43.03
17505,42.64
17506,42.11
17507,41.04
17508,41.24
17509,41.58
17510,42.27
17511,42.24
17512,42.09
17513,42.12
17514,42.14
17515,42.07
17516,43.09
17517,43.0
17518,42.88
17519,42.77
17520,43.34
17521,43.36
17522,43.63
17523,43.54
17524,42.74
17525,42.49
17526,42.48
17527,41.02
17528,40.66
17529,40.64
17530,40.73
17531,40.14
17532,39.85
17533,39.93
17534,40.45
17535,40.69
17536,41.48
17537,41.59
17538,41.82
17539,42.69
17540,43.23
17541,43.2
17542,43.58
17543,44.13
17544,44.12
17545,46.07
17546,47.04
17547,47.09
17548,47.63
17549,45.34
17550,45.23
17551,45.03
17552,45.24
17553,45.13
17554,44.41
17555,45.12
17556,45.72
17557,47.76
17558,47.0
17559,48.49
17560,48.45
17561,48.23
17562,50.78
17563,50.6
17564,50.86
17565,51.24
17566,51.04
17567,51.08
17568,51.55
17569,51.45
17570,51.86
17571,51.91
17572,52.2
17573,52.35
17574,52.59
17575,52.57
17576,52.11
17577,53.31
17578,53.3
17579,55.78
17580,55.14
17581,56.2
17582,56.33
17583,56.9
17584,58.25
17585,58.34
17586,58.22
17587,59.2
17588,62.19
17589,64.98
17590,64.9
17591,64.87
17592,64.15
17593,65.99
17594,65.82
17595,65.77
17596,67.12
17597,67.95
17598,68.66
17599,68.69
17600,68.88
17601,69.19
17602,69.3
17603,69.01
17604,68.98
17605,68.95
17606,69.02
17607,69.73
17608,69.75
17609,69.16
17610,70.05
17611,70.47
17612,70.34
17613,71.41
17614,70.8
17615,71.42
17616,71.11
17617,70.99
17618,70.45
17619,71.0
17620,70.35
17621,69.82
17622,69.81
17623,70.45
17624,70.77
17625,72.21
17626,72.9
17627,73.36
17628,73.65
17629,73.62
17630,75.14
17631,76.42
17632,77.77
17633,77.69
17634,77.52
17635,78.56
17636,78.27
17637,79.17
17638,78.83
17639,77.87
17640,77.49
17641,78.39
17642,78.46
17643,78.2
17644,79.91
17645,77.84
17646,77.62
17647,77.59
17648,77.18
17649,77.7
17650,78.41
17651,79.84
17652,79.14
17653,79.18
17654,80.34
17655,79.31
17656,78.89
17657,77.11
17658,76.98
17659,76.34
17660,77.88
17661,77.37
17662,74.68
17663,74.67
17664,74.58
17665,74.21
17666,74.2
17667,75.4
17668,73.91
17669,74.11
17670,74.02
17671,74.66
17672,75.76
17673,75.59
17674,75.07
17675,76.59
17676,79.5
17677,80.96
17678,81.65
17679,80.06
17680,80.15
17681,78.96
17682,79.1
17683,78.94
17684,77.74
17685,78.16
17686,78.05
17687,77.39
17688,75.25
17689,72.95
17690,73.59
17691,74.72
17692,74.58
17693,73.22
17694,73.38
17695,73.02
17696,73.04
17697,72.25
17698,71.26
17699,70.94
17700,78.69
17701,79.95
17702,79.68
17703,79.93
17704,80.11
17705,80.67
17706,80.31
17707,78.97
17708,80.21
17709,80.69
17710,79.67
17711,81.01
17712,81.69
17713,79.98
17714,79.91
17715,78.74
17716,78.12
17717,80.23
17718,82.16
17719,81.41
17720,82.39
17721,83.85
17722,83.85
17723,82.64
17724,83.49
17725,82.39
17726,81.71
17727,81.74
17728,81.94
17729,82.41
17730,80.62
17731,79.32
17732,79.26
17733,79.12
17734,78.83
17735,76.57
17736,78.33
17737,78.66
17738,79.77
17739,81.57
17740,81.66
17741,81.46
17742,82.53
17743,83.89
17744,82.5
17745,83.62
17746,83.24
17747,84.13
17748,84.74
17749,84.21
17750,83.46
17751,82.63
17752,82.93
17753,82.88
17754,81.65
17755,81.61
17756,82.04
17757,81.71
17758,81.62
17759,81.5
17760,80.17
17761,80.55
17762,81.41
17763,81.95
17764,82.15
17765,82.0
17766,83.57
17767,82.37
17768,81.84
17769,81.46
17770,81.32
17771,80.7
17772,81.03
17773,81.1
17774,80.08
17775,79.17
17776,77.4
17777,75.88
17778,75.12
17779,74.1
17780,75.53
17781,75.42
17782,75.31
17783,75.27
17784,75.49
17785,75.71
17786,76.03
17787,75.71
17788,74.86
17789,74.15
17790,73.3
17791,72.67
17792,73.35
17793,73.08
17794,73.22
17795,73.08
17796,71.83
17797,72.43
17798,72.34
17799,72.34
17800,65.99
17801,64.84
17802,65.0
17803,64.57
17804,65.38
17805,65.73
17806,65.94
17807,66.16
17808,65.85
17809,65.67
17810,65.14
17811,64.71
17812,64.4
17813,66.73
17814,68.38
17815,70.56
17816,70.94
17817,69.37
17818,68.12
17819,68.79
17820,68.3
17821,68.8
17822,69.28
17823,69.18
17824,70.34
17825,69.89
17826,72.16
17827,72.95
17828,72.33
17829,72.21
17830,72.68
17831,72.6
17832,71.28
17833,71.72
17834,73.9
17835,73.6
17836,71.63
17837,70.99
17838,70.56
17839,68.73
17840,69.05
17841,68.59
17842,66.65
17843,65.32
17844,65.18
17845,64.85
17846,66.06
17847,65.32
17848,64.27
17849,64.07
17850,63.4
17851,63.25
17852,62.7
17853,63.25
17854,64.04
17855,63.91
17856,63.67
17857,63.7
17858,65.64
17859,65.23
17860,66.68
17861,66.32
17862,65.46
17863,64.91
17864,64.86
17865,66.34
17866,64.81
17867,66.63
17868,66.64
17869,66.57
17870,66.57
17871,66.88
17872,65.44
17873,66.19
17874,67.09
17875,68.07
17876,67.37
17877,66.2
17878,67.85
17879,68.48
17880,67.8
17881,68.2
17882,70.22
17883,70.95
17884,70.8
17885,70.25
17886,69.92
17887,70.13
17888,69.88
17889,70.06
17890,70.16
17891,69.59
17892,70.11
17893,69.81
17894,69.52
17895,69.75
17896,70.07
17897,69.55
17898,71.13
17899,72.0
17900,70.46
17901,71.81
17902,71.87
17903,72.74
17904,72.32
17905,71.79
17906,71.35
17907,71.38
17908,70.36
17909,70.28
17910,71.24
17911,70.13
17912,69.97
17913,68.19
17914,67.07
17915,65.39
17916,64.8
17917,64.3
17918,63.73
17919,63.03
17920,64.01
17921,61.77
17922,61.33
17923,61.22
17924,59.45
17925,59.54
17926,57.37
17927,56.37
17928,57.23
17929,57.0
17930,56.68
17931,57.16
17932,57.15
17933,56.65
17934,56.96
17935,57.0
17936,56.7
17937,55.91
17938,55.23
17939,55.26
17940,54.86
17941,54.79
17942,55.84
17943,55.44
17944,55.81
17945,56.32
17946,55.7
17947,55.53
17948,55.71
17949,56.02
17950,55.9
17951,56.19
17952,56.32
17953,56.29
17954,55.33
17955,55.61
17956,55.53
17957,55.92
17958,54.1
17959,54.43
17960,52.72
17961,53.11
17962,53.47
17963,54.1
17964,55.86
17965,56.32
17966,57.66
17967,56.55
17968,56.53
17969,57.84
17970,57.61
17971,57.39
17972,57.62
17973,56.68
17974,55.79
17975,54.11
17976,55.03
17977,55.5
17978,54.45
17979,53.97
17980,53.48
17981,53.12
17982,52.25
17983,51.06
17984,51.08
17985,50.89
17986,51.1
17987,51.47
17988,51.39
17989,51.68
17990,52.68
17991,53.31
17992,52.15
17993,53.4
17994,53.89
17995,53.99
17996,54.17
17997,56.03
17998,54.78
17999,55.01
18000,55.07
18001,53.63
18002,54.31
18003,54.23
18004,53.68
18005,54.57
18006,55.39
18007,55.64
18008,58.38
18009,59.32
18010,58.43
18011,58.41
18012,59.53
18013,59.02
18014,58.78
18015,58.12
18016,59.11
18017,60.79
18018,61.35
18019,61.56
18020,60.18
18021,60.63
18022,60.37
18023,62.2
18024,62.72
18025,64.03
18026,65.54
18027,65.72
18028,66.83
18029,67.34
18030,68.6
18031,68.22
18032,68.78
18033,69.13
18034,66.85
18035,67.39
18036,69.13
18037,70.57
18038,71.0
18039,72.74
18040,72.82
18041,72.72
18042,74.19
18043,74.19
18044,73.79
18045,72.84
18046,72.13
18047,72.5
18048,73.36
18049,73.1
18050,73.14
18051,72.79
18052,73.68
18053,73.27
18054,74.07
18055,73.83
18056,73.51
18057,73.64
18058,73.46
18059,72.8
18060,72.72
18061,71.96
18062,71.57
18063,71.14
18064,69.08
18065,68.17
18066,66.65
18067,66.6
18068,66.64
18069,65.34
18070,65.33
18071,65.3
18072,64.55
18073,64.54
18074,64.4
18075,64.58
18076,63.29
18077,62.97
18078,62.45
18079,62.26
18080,62.32
18081,62.82
18082,61.86
18083,62.12
18084,62.84
18085,63.01
18086,63.14
18087,62.56
18088,63.1
18089,62.69
18090,61.59
18091,63.26
18092,63.22
18093,62.63
18094,62.27
18095,62.17
18096,63.68
18097,61.86
18098,62.24
18099,62.51
18100,62.39
18101,62.08
18102,61.12
18103,60.73
18104,60.9
18105,60.0
18106,59.8
18107,59.4
18108,56.54
18109,55.88
18110,56.28
18111,57.0
18112,55.82
18113,55.39
18114,55.33
18115,55.68
18116,54.67
18117,53.91
18118,54.29
18119,53.79
18120,54.33
18121,54.08
18122,53.87
18123,52.79
18124,52.05
18125,50.75
18126,49.23
18127,48.8
18128,47.36
18129,47.04
18130,48.27
18131,48.13
18132,47.69
18133,47.75
18134,47.72
18135,48.17
18136,47.21
18137,46.09
18138,46.55
18139,45.15
18140,47.51
18141,47.61
18142,45.65
18143,45.65
18144,46.47
18145,47.34
18146,47.57
18147,47.5
18148,47.35
18149,47.87
18150,48.12
18151,49.04
18152,48.23
18153,48.25
18154,47.4
18155,48.32
18156,50.2
18157,50.24
18158,50.58
18159,51.39
18160,51.77
18161,51.84
18162,51.85
18163,54.15
18164,54.24
18165,54.05
18166,54.45
18167,53.96
18168,54.18
18169,54.55
18170,55.26
18171,55.43
18172,55.81
18173,56.44
18174,57.82
18175,57.64
18176,57.58
18177,57.5
18178,57.23
18179,58.15
18180,58.39
18181,57.88
18182,57.83
18183,57.75
18184,56.95
18185,57.47
18186,57.81
18187,57.9
18188,57.66
18189,57.55
18190,58.32
18191,56.28
18192,57.86
18193,57.42
18194,57.79
18195,57.55
18196,55.52
18197,55.66
18198,55.86
18199,54.81
18200,54.98
18201,55.06
18202,55.01
18203,55.13
18204,55.0
18205,54.67
18206,54.18
18207,54.89
18208,54.95
18209,54.61
18210,54.06
18211,53.5
18212,54.08
18213,54.33
18214,54.42
18215,54.08
18216,54.69
18217,53.91
18218,53.32
18219,53.56
18220,53.43
18221,53.93
18222,54.79
18223,54.84
18224,55.09
18225,55.36
18226,55.25
18227,55.37
18228,55.03
18229,54.75
18230,51.97
18231,52.39
18232,52.88
18233,52.56
18234,52.97
18235,52.03
18236,51.67
18237,51.55
18238,52.1
18239,52.21
18240,49.6
18241,50.64
18242,50.7
18243,50.72
18244,50.03
18245,50.72
18246,51.02
18247,51.4
18248,51.18
18249,50.63
18250,50.26
18251,49.42
18252,49.41
18253,49.26
18254,49.7
18255,51.08
18256,49.69
18257,49.14
18258,50.3
18259,49.47
18260,49.59
18261,50.44
18262,50.7
18263,48.54
18264,48.75
18265,47.87
18266,47.62
18267,47.48
18268,47.41
18269,47.23
18270,46.91
18271,46.94
18272,47.44
18273,49.18
18274,47.86
18275,48.35
18276,48.58
18277,48.83
18278,48.83
18279,48.56
18280,48.3
18281,48.5
18282,48.55
18283,49.16
18284,49.05
18285,48.54
18286,47.85
18287,48.01
18288,48.04
18289,48.39
18290,47.63
18291,47.4
18292,45.97
18293,45.91
18294,45.71
18295,46.12
18296,47.2
18297,46.95
18298,46.29
18299,46.1
18300,46.98
18301,47.22
18302,48.4
18303,48.6
18304,48.72
18305,49.9
18306,49.72
18307,51.0
18308,51.84
18309,53.39
18310,54.37
18311,56.71
18312,56.03
18313,58.35
18314,58.43
18315,59.83
18316,59.52
18317,59.9
18318,59.51
18319,60.4
18320,59.86
18321,59.81
18322,59.23
18323,58.85
18324,58.26
18325,59.05
18326,59.21
18327,59.88
18328,59.95
18329,60.32
18330,61.03
18331,61.23
18332,62.62
18333,63.21
18334,62.45
18335,62.35
18336,62.45
18337,63.86
18338,62.52
18339,62.8
18340,62.99
18341,62.09
18342,62.5
18343,63.06
18344,63.27
18345,61.94
18346,61.95
18347,62.07
18348,61.58
18349,61.78
18350,62.64
18351,62.15
18352,62.25
18353,63.55
18354,63.08
18355,60.94
18356,61.76
18357,63.01
18358,61.39
18359,61.97
18360,62.28
18361,61.9
18362,61.68
18363,61.72
18364,63.04
18365,64.08
18366,65.9
18367,66.84
18368,67.57
18369,70.59
18370,70.44
18371,70.11
18372,69.5
18373,67.54
18374,67.83
18375,67.52
18376,67.51
18377,67.59
18378,67.76
18379,67.29
18380,67.04
18381,67.35
18382,67.31
18383,66.51
18384,66.5
18385,66.93
18386,67.62
18387,67.82
18388,67.78
18389,67.59
18390,67.82
18391,68.4
18392,68.14
18393,68.12
18394,68.77
18395,68.5
18396,68.51
18397,70.1
18398,70.28
18399,70.18
18400,69.65
18401,71.6
18402,70.52
18403,72.22
18404,71.9
18405,70.65
18406,70.8
18407,69.68
18408,69.43
18409,70.57
18410,70.28
18411,67.78
18412,69.66
18413,67.4
18414,69.5
18415,69.25
18416,70.52
18417,70.97
18418,71.14
18419,71.72
18420,71.83
18421,71.45
18422,71.47
18423,71.07
18424,71.18
18425,70.02
18426,69.76
18427,70.8
18428,70.54
18429,70.76
18430,70.95
18431,71.02
18432,69.32
18433,69.7
18434,69.88
18435,71.05
18436,72.39
18437,71.76
18438,72.03
18439,72.16
18440,73.22
18441,75.68
18442,74.73
18443,74.36
18444,74.81
18445,74.92
18446,74.22
18447,73.4
18448,74.7
18449,74.87
18450,75.21
18451,75.63
18452,76.3
18453,75.33
18454,77.46
18455,77.48
18456,76.72
18457,76.94
18458,77.09
18459,77.25
18460,76.78
18461,76.34
18462,76.53
18463,76.34
18464,74.7
18465,74.07
18466,72.01
18467,70.95
18468,70.44
18469,67.3
18470,67.09
18471,67.51
18472,69.04
18473,69.58
18474,69.55
18475,70.42
18476,70.35
18477,71.42
18478,71.23
18479,71.31
18480,72.0
18481,72.21
18482,73.69
18483,73.7
18484,74.0
18485,74.7
18486,74.6
18487,74.46
18488,75.33
18489,76.18
18490,77.07
18491,76.85
18492,77.56
18493,78.23
18494,78.7
18495,78.44
18496,79.17
18497,78.92
18498,78.52
18499,79.72
18500,81.56
18501,79.67
18502,80.27
18503,78.09
18504,78.97
18505,78.98
18506,80.57
18507,79.82
18508,80.01
18509,77.84
18510,77.33
18511,79.03
18512,77.92
18513,77.59
18514,75.03
18515,74.43
18516,73.17
18517,72.78
18518,73.35
18519,72.16
18520,72.12
18521,72.72
18522,73.08
18523,73.66
18524,74.06
18525,74.24
18526,74.42
18527,72.85
18528,73.07
18529,73.72
18530,72.76
18531,72.25
18532,72.38
18533,71.47
18534,71.28
18535,70.28
18536,68.42
18537,67.37
18538,67.55
18539,67.02
18540,66.19
18541,63.65
18542,64.81
18543,64.94
18544,64.04
18545,63.36
18546,63.67
18547,64.62
18548,63.03
18549,63.1
18550,62.08
18551,61.58
18552,61.13
18553,61.01
18554,58.98
18555,58.77
18556,58.36
18557,57.23
18558,57.52
18559,57.04
18560,58.25
18561,58.24
18562,57.95
18563,58.55
18564,58.75
18565,58.82
18566,59.27
18567,59.88
18568,60.02
18569,61.33
18570,62.01
18571,61.82
18572,61.07
18573,60.47
18574,61.72
18575,61.9
18576,62.26
18577,61.36
18578,61.45
18579,61.68
18580,61.42
18581,60.95
18582,59.15
18583,59.17
18584,58.98
18585,57.83
18586,57.69
18587,58.16
18588,57.65
18589,56.77
18590,55.93
18591,55.76
18592,55.22
18593,54.41
18594,53.23
18595,53.54
18596,51.68
18597,50.53
18598,52.47
18599,51.1
18600,48.93
18601,48.58
18602,47.76
18603,47.5
18604,46.74
18605,46.99
18606,45.8
18607,46.62
18608,46.11
18609,45.77
18610,47.26
18611,45.92
18612,46.08
18613,46.1
18614,46.47
18615,46.29
18616,46.17
18617,45.56
18618,46.35
18619,46.99
18620,47.97
18621,48.17
18622,48.38
18623,50.58
18624,51.17
18625,50.89
18626,50.79
18627,51.49
18628,51.64
18629,50.26
18630,50.38
18631,50.33
18632,50.79
18633,50.6
18634,50.66
18635,51.71
18636,53.24
18637,55.42
18638,56.0
18639,55.97
18640,55.68
18641,55.46
18642,55.82
18643,55.61
18644,55.79
18645,56.45
18646,56.15
18647,55.48
18648,55.84
18649,55.94
18650,57.19
18651,57.68
18652,57.24
18653,56.93
18654,57.1
18655,58.15
18656,58.6
18657,58.29
18658,57.83
18659,57.68
18660,56.53
18661,56.8
18662,57.17
18663,57.0
18664,56.79
18665,56.57
18666,56.27
18667,55.86
18668,55.3
18669,54.57
18670,53.81
18671,53.51
18672,52.95
18673,52.61
18674,51.56
18675,50.44
18676,49.95
18677,49.45
18678,50.19
18679,50.6
18680,50.4
18681,51.06
18682,51.35
18683,51.38
18684,52.05
18685,52.64
18686,52.36
18687,52.13
18688,51.87
18689,51.94
18690,51.88
18691,51.78
18692,54.18
18693,54.28
18694,54.29
18695,54.51
18696,55.01
18697,55.51
18698,53.66
18699,54.14
18700,54.6
18701,54.54
18702,54.72
18703,55.42
18704,55.45
18705,55.53
18706,55.09
18707,57.74
18708,57.92
18709,58.57
18710,56.88
18711,56.71
18712,56.03
18713,55.97
18714,55.65
18715,55.31
18716,55.15
18717,55.51
18718,53.91
18719,52.96
18720,51.86
18721,50.8
18722,50.92
18723,49.08
18724,48.54
18725,49.91
18726,49.81
18727,48.82
18728,49.06
18729,49.43
18730,49.43
18731,49.71
18732,48.97
18733,51.36
18734,51.27
18735,50.96
18736,49.72
18737,47.67
18738,47.69
18739,47.98
18740,48.17
18741,48.54
18742,47.12
18743,46.95
18744,47.09
18745,46.5
18746,46.49
18747,46.87
18748,46.55
18749,47.63
18750,46.27
18751,45.91
18752,45.67
18753,46.01
18754,46.93
18755,46.59
18756,46.35
18757,47.61
18758,48.25
18759,48.24
18760,48.95
18761,48.59
18762,48.15
18763,47.53
18764,47.58
18765,48.61
18766,48.38
18767,48.53
18768,49.3
18769,49.16
18770,49.6
18771,50.08
18772,49.43
18773,49.43
18774,49.31
18775,49.71
18776,50.14
18777,50.08
18778,50.47
18779,49.59
18780,49.24
18781,48.33
18782,48.42
18783,49.46
18784,49.04
18785,48.36
18786,48.28
18787,47.95
18788,48.0
18789,48.41
18790,48.49
18791,48.58
18792,46.01
18793,46.08
18794,46.05
18795,46.29
18796,45.77
18797,45.11
18798,45.49
18799,45.77
18800,45.08
18801,45.92
18802,45.79
18803,45.49
18804,46.46
18805,46.74
18806,46.97
18807,44.14
18808,43.85
18809,42.99
18810,43.59
18811,43.46
18812,43.57
18813,44.39
18814,44.34
18815,44.69
18816,44.67
18817,44.28
18818,46.8
18819,46.59
18820,46.79
18821,46.87
18822,46.45
18823,48.08
18824,47.67
18825,46.96
18826,47.55
18827,48.81
18828,48.84
18829,48.82
18830,49.55
18831,50.71
18832,51.0
18833,50.88
18834,50.95
18835,50.62
18836,50.77
18837,52.62
18838,51.9
18839,51.44
18840,52.48
18841,52.48
18842,52.68
18843,53.19
18844,53.03
18845,53.15
18846,53.48
18847,53.36
18848,53.34
18849,52.66
18850,53.0
18851,54.16
18852,56.44
18853,56.77
18854,55.56
18855,54.85
18856,55.44
18857,54.12
18858,55.04
18859,55.48
18860,55.1
18861,55.82
18862,57.13
18863,58.15
18864,58.3
18865,58.08
18866,59.08
18867,59.37
18868,58.68
18869,58.26
18870,59.04
18871,59.0
18872,59.06
18873,59.63
18874,59.32
18875,59.63
18876,59.52
18877,60.12
18878,61.29
18879,61.37
18880,61.4
18881,61.69
18882,62.19
18883,61.56
18884,61.89
18885,61.83
18886,62.37
18887,62.46
18888,62.3
18889,62.2
18890,61.98
18891,61.83
18892,62.11
18893,62.1
18894,61.86
18895,61.3
18896,61.44
18897,61.65
18898,62.01
18899,61.94
18900,62.54
18901,61.65
18902,62.09
18903,62.02
18904,63.33
18905,63.53
18906,63.28
18907,62.5
18908,62.44
18909,64.59
18910,63.99
18911,64.12
18912,65.49
18913,65.46
18914,65.5
18915,66.25
18916,66.66
18917,72.37
18918,70.64
18919,70.81
18920,72.53
18921,73.76
18922,73.17
18923,71.38
18924,71.23
18925,71.16
18926,70.86
18927,69.99
18928,69.78
18929,69.43
18930,70.01
18931,68.72
18932,68.87
18933,68.82
18934,68.78
18935,69.5
18936,70.62
18937,69.85
18938,69.75
18939,70.29
18940,69.71
18941,69.46
18942,70.15
18943,69.98
18944,70.58
18945,71.0
18946,70.6
18947,70.71
18948,70.93
18949,70.32
18950,70.01
18951,68.98
18952,66.92
18953,66.54
18954,66.69
18955,66.85
18956,69.97
18957,71.13
18958,71.45
18959,72.07
18960,72.64
18961,72.56
18962,71.43
18963,71.04
18964,71.5
18965,71.77
18966,70.82
18967,70.66
18968,70.72
18969,71.35
18970,70.42
18971,70.03
18972,72.0
18973,71.59
18974,72.38
18975,72.11
18976,72.55
18977,71.91
18978,69.75
18979,69.72
18980,69.54
18981,70.04
18982,69.43
18983,69.95
18984,70.78
18985,72.32
18986,72.74
18987,73.74
18988,74.3
18989,74.9
18990,77.51
18991,77.52
18992,77.49
18993,79.16
18994,79.68
18995,80.98
18996,80.88
18997,81.36
18998,81.34
18999,80.91
19000,80.31
19001,80.77
19002,80.48
19003,80.45
19004,78.02
19005,78.09
19006,78.08
19007,77.97
19008,77.89
19009,75.61
19010,76.08
19011,75.87
19012,74.3
19013,73.87
19014,74.42
19015,73.4
19016,73.0
19017,67.98
19018,67.72
19019,68.98
19020,67.45
19021,66.46
19022,66.81
19023,66.11
19024,67.38
19025,67.86
19026,67.97
19027,68.41
19028,69.8
19029,70.1
19030,70.34
19031,70.86
19032,70.61
19033,68.81
19034,69.05
19035,67.83
19036,66.62
19037,65.53
19038,65.62
19039,65.24
19040,66.56
19041,66.62
19042,65.86
19043,65.99
19044,66.85
19045,66.47
19046,66.74
19047,67.62
19048,68.16
19049,67.99
19050,68.83
19051,71.41
19052,75.17
19053,76.21
19054,76.24
19055,77.71
19056,73.65
19057,74.93
19058,73.17
19059,72.41
19060,76.95
19061,76.38
19062,77.27
19063,77.98
19064,79.1
19065,78.97
19066,79.12
19067,79.76
19068,79.67
19069,79.81
19070,79.74
19071,79.66
19072,77.67
19073,78.24
19074,78.48
19075,78.21
19076,78.17
19077,78.53
19078,78.39
19079,78.61
19080,78.68
19081,78.54
19082,78.73
19083,77.84
19084,76.61
19085,75.71
19086,74.61
19087,74.58
19088,75.91
19089,74.86
19090,72.21
19091,72.74
19092,72.65
19093,70.93
19094,70.91
19095,70.04
19096,70.37
19097,70.89
19098,70.33
19099,70.15
19100,70.93
19101,70.81
19102,71.27
19103,71.04
19104,71.26
19105,70.51
19106,70.64
19107,71.0
19108,71.71
19109,72.0
19110,72.66
19111,72.56
19112,72.76
19113,72.71
19114,72.1
19115,72.29
19116,73.48
19117,73.75
19118,73.79
19119,73.23
19120,72.87
19121,73.31
19122,74.3
19123,74.26
19124,72.98
19125,71.96
19126,71.99
19127,73.27
19128,72.17
19129,71.82
19130,70.16
19131,71.36
19132,71.47
19133,71.12
19134,71.01
19135,72.88
19136,72.98
19137,74.28
19138,74.32
19139,74.14
19140,72.11
19141,71.96
19142,71.83
19143,72.28
19144,70.9
19145,71.12
19146,71.3
19147,69.76
19148,70.34
19149,71.19
19150,72.45
19151,70.09
19152,67.45
19153,68.99
19154,72.12
19155,71.24
19156,72.17
19157,70.7
19158,70.97
19159,70.54
19160,68.03
19161,68.93
19162,68.85
19163,67.75
19164,66.21
19165,65.25
19166,65.09
19167,65.2
19168,66.26
19169,65.38
19170,67.34
19171,70.24
19172,71.26
19173,71.03
19174,70.23
19175,70.35
19176,69.63
19177,69.29
19178,69.42
19179,69.58
19180,69.56
19181,69.21
19182,68.98
19183,69.12
19184,69.04
19185,68.52
19186,70.54
19187,69.63
19188,68.78
19189,69.5
19190,69.52
19191,69.86
19192,71.57
19193,73.63
19194,73.56
19195,73.98
19196,74.32
19197,73.39
19198,73.74
19199,74.04
19200,75.5
19201,75.23
19202,75.92
19203,75.86
19204,76.55
19205,76.86
19206,77.14
19207,77.23
19208,77.17
19209,78.06
19210,77.04
19211,77.9
19212,78.25
19213,79.59
19214,79.63
19215,79.34
19216,78.58
19217,80.45
19218,81.0
19219,81.02
19220,81.67
19221,82.37
19222,81.39
19223,83.07
19224,83.73
19225,85.58
19226,85.28
19227,84.51
19228,85.62
19229,85.8
19230,87.47
19231,88.0
19232,87.64
19233,88.93
19234,88.97
19235,87.74
19236,87.4
19237,86.12
19238,87.89
19239,88.53
19240,88.68
19241,88.9
19242,89.29
19243,89.42
19244,89.24
19245,90.43
19246,93.55
19247,94.1
19248,93.28
19249,92.64
19250,90.7
19251,90.39
19252,90.97
19253,88.4
19254,85.59
19255,84.84
19256,85.41
19257,84.55
19258,85.06
19259,84.98
19260,81.67
19261,80.77
19262,83.16
19263,83.95
19264,84.53
19265,85.09
19266,86.26
19267,86.51
19268,85.87
19269,87.45
19270,85.29
19271,83.43
19272,83.9
19273,83.77
19274,83.94
19275,84.09
19276,84.59
19277,84.7
19278,84.68
19279,84.38
19280,84.74
19281,87.68
19282,87.63
19283,87.38
19284,89.34
19285,89.25
19286,87.32
19287,86.85
19288,85.93
19289,86.14
19290,86.49
19291,85.64
19292,83.87
19293,82.9
19294,82.85
19295,82.83
19296,82.16
19297,81.82
19298,81.54
19299,81.06
19300,82.13
19301,82.54
19302,81.5
19303,81.92
19304,81.99
19305,82.51
19306,83.03
19307,82.61
19308,82.59
19309,81.99
19310,83.32
19311,82.7
19312,82.44
19313,81.06
19314,81.07
19315,84.46
19316,84.54
19317,82.07
19318,82.22
19319,81.45
19320,82.29
19321,81.74
19322,81.37
19323,81.99
19324,81.62
19325,80.07
19326,81.57
19327,80.74
19328,79.57
19329,79.64
19330,78.54
19331,76.09
19332,79.0
19333,77.58
19334,77.82
19335,79.01
19336,80.71
19337,80.61
19338,78.9
19339,79.36
19340,79.52
19341,80.64
19342,80.13
19343,80.21
19344,80.5
19345,79.19
19346,76.07
19347,75.75
19348,78.2
19349,78.43
19350,78.64
19351,83.07
19352,81.19
19353,82.73
19354,82.21
19355,82.58
19356,81.18
19357,82.53
19358,82.98
19359,84.38
19360,84.5
19361,85.56
19362,82.82
19363,83.33
19364,83.41
19365,82.94
19366,82.45
19367,81.08
19368,81.2
19369,79.62
19370,79.78
19371,79.04
19372,78.33
19373,78.29
19374,77.86
19375,77.44
19376,77.75
19377,78.02
19378,78.49
19379,79.9
19380,79.86
19381,76.89
19382,76.9
19383,77.17
19384,76.47
19385,76.6
19386,76.57
19387,76.7
19388,76.48
19389,75.87
19390,76.08
19391,76.27
19392,76.28
19393,77.59
19394,77.19
19395,76.15
19396,76.45
19397,76.45
19398,77.25
19399,78.27
19400,75.29
19401,75.81
19402,75.86
19403,78.13
19404,77.26
19405,77.51
19406,77.5
19407,78.06
19408,78.91
19409,78.66
19410,77.67
19411,77.63
19412,79.31
19413,79.16
19414,80.6
19415,77.19
19416,77.31
19417,79.16
19418,78.12
19419,78.1
19420,77.15
19421,76.8
19422,77.02
19423,76.61
19424,76.4
19425,76.22
19426,74.74
19427,74.91
19428,74.58
19429,74.42
19430,74.11
19431,74.62
19432,71.84
19433,72.84
19434,73.33
19435,71.72
19436,70.2
19437,70.21
19438,70.19
19439,69.0
19440,69.14
19441,67.74
19442,67.9
19443,67.8
19444,67.56
19445,67.87
19446,68.03
19447,68.05
19448,65.53
19449,66.24
19450,65.77
19451,61.28
19452,61.98
19453,60.91
19454,61.09
19455,60.86
19456,60.8
19457,59.32
19458,58.8
19459,57.74
19460,59.85
19461,61.97
19462,61.96
19463,61.61
19464,62.01
19465,61.95
19466,62.16
19467,62.12
19468,61.67
19469,61.7
19470,62.44
19471,62.47
19472,62.21
19473,62.63
19474,62.86
19475,63.14
19476,62.56
19477,63.56
19478,63.53
19479,62.57
19480,62.76
19481,62.43
19482,62.8
19483,62.63
19484,62.67
19485,62.72
19486,63.88
19487,64.64
19488,64.98
19489,64.86
19490,64.49
19491,64.83
19492,65.54
19493,63.43
19494,64.4
19495,65.22
19496,65.11
19497,65.96
19498,65.09
19499,64.37
19500,64.88
19501,67.86
19502,67.48
19503,64.76
19504,66.16
19505,65.37
19506,64.75
19507,65.45
19508,64.08
19509,64.0
19510,64.08
19511,63.86
19512,61.88
19513,62.81
19514,61.73
19515,62.0
19516,62.61
19517,60.69
19518,60.49
19519,60.71
19520,60.24
19521,60.29
19522,60.07
19523,58.23
19524,58.47
19525,59.01
19526,59.08
19527,59.1
19528,59.16
19529,59.12
19530,58.91
19531,58.56
19532,58.9
19533,58.06
19534,57.93
19535,57.77
19536,58.42
19537,58.33
19538,59.48
19539,59.36
19540,58.86
19541,59.38
19542,59.56
19543,59.06
19544,59.08
19545,58.44
19546,57.78
19547,58.04
19548,58.12
19549,58.15
19550,59.2
19551,59.72
19552,59.09
19553,58.63
19554,60.0
19555,60.19
19556,61.01
19557,61.03
19558,60.48
19559,60.64
19560,58.94
19561,59.93
19562,59.33
19563,58.12
19564,57.06
19565,57.15
19566,59.29
19567,60.93
19568,60.89
19569,61.16
19570,60.6
19571,60.67
19572,60.52
19573,59.76
19574,60.13
19575,60.43
19576,60.61
19577,60.74
19578,60.15
19579,60.74
19580,62.4
19581,63.42
19582,63.78
19583,65.0
19584,64.19
19585,64.55
19586,64.22
19587,63.47
19588,63.05
19589,63.23
19590,63.51
19591,64.36
19592,63.67
19593,64.5
19594,66.78
19595,66.17
19596,67.26
19597,66.6
19598,68.61
19599,68.46
19600,68.64
19601,67.8
19602,69.0
19603,69.96
19604,69.03
19605,70.69
19606,70.49
19607,70.24
19608,71.38
19609,71.48
19610,71.4
19611,71.33
19612,71.65
19613,72.89
19614,73.31
19615,79.29
19616,78.91
19617,78.79
19618,79.28
19619,79.59
19620,80.0
19621,79.47
19622,80.24
19623,80.46
19624,81.73
19625,83.38
19626,83.35
19627,82.73
19628,86.12
19629,88.36
19630,88.61
19631,89.35
19632,89.03
19633,88.88
19634,88.15
19635,88.97
19636,88.72
19637,89.7
19638,88.54
19639,89.53
19640,89.53
19641,89.0
19642,90.82
19643,92.06
19644,93.16
19645,94.17
19646,96.75
19647,102.77
